0.00000 	 112981873.25553417 	 3166162.197930889 
  0.00100 	 116138082.19686165 	 3002879.739895944 
  0.00200 	 118183419.866147 	 2850894.1016006484 
  0.00300 	 113014711.57608306 	 2709297.4963546973 
  0.00400 	 115059520.73912168 	 2577263.551931531 
  0.00500 	 114846913.33565038 	 2454040.5457418817 
  0.00600 	 112853978.11436741 	 2338942.4444354284 
  0.00700 	 114725529.9794587 	 2231344.049868956 
  0.00800 	 114002987.3834249 	 2130673.573656383 
  0.00900 	 112772825.4626409 	 2036409.9803892458 
  0.01000 	 115038107.81629531 	 1948074.2968450545 
  0.01100 	 112959467.08971493 	 1865230.4141769751 
  0.01200 	 113823512.99410085 	 1787476.5594563326 
  0.01300 	 113117566.44261149 	 1714446.1651935962 
  0.01400 	 117045107.0777321 	 1645800.7193203026 
  0.01500 	 112362558.58885425 	 1581231.2523382788 
  0.01600 	 112662038.90427536 	 1520451.2993239204 
  0.01700 	 114043168.63328397 	 1463200.1341653524 
  0.01800 	 112519467.10541414 	 1409234.9424295595 
  0.01900 	 111714481.08559634 	 1358333.3669576526 
  0.02000 	 111796025.85515569 	 1310289.728004408 
  0.02100 	 114020203.24977951 	 1264915.3145169248 
  0.02200 	 110160235.84836984 	 1222032.9470112296 
  0.02300 	 110183811.95118153 	 1181482.2500556319 
  0.02400 	 110607499.0580968 	 1143112.3261060417 
  0.02500 	 109051340.77704449 	 1106785.1332770977 
  0.02600 	 107523310.21151316 	 1072371.303960961 
  0.02700 	 107098242.09989472 	 1039751.9381571311 
  0.02800 	 107481056.3628504 	 1008815.2716631121 
  0.02900 	 106495955.64888869 	 979459.9345030889 
  0.03000 	 106190996.637402 	 951589.3301480806 
  0.03100 	 104364859.20597786 	 925114.7942778721 
  0.03200 	 106373392.31282027 	 899953.2185359196 
  0.03300 	 103347597.05880958 	 876028.836024449 
  0.03400 	 103853354.77776287 	 853267.983103645 
  0.03500 	 100563280.18471187 	 831605.0233221654 
  0.03600 	 101019672.3208271 	 810976.6228136242 
  0.03700 	 99849651.88527125 	 791325.1529850885 
  0.03800 	 98921351.02688879 	 772595.5512079274 
  0.03900 	 98921669.30481039 	 754737.4348678761 
  0.04000 	 98262289.54991873 	 737701.7953847589 
  0.04100 	 95614603.18379334 	 721445.4229162751 
  0.04200 	 95661125.71095623 	 705925.8416206233 
  0.04300 	 95626014.31317025 	 691103.522640221 
  0.04400 	 95152621.38519876 	 676942.1301780678 
  0.04500 	 93233943.5067662 	 663407.4006271928 
  0.04600 	 92204556.81939965 	 650465.849035257 
  0.04700 	 92032668.32446021 	 638087.9700826424 
  0.04800 	 92276007.36276811 	 626244.5627279426 
  0.04900 	 89393844.36154337 	 614909.3277277359 
  0.05000 	 89543500.16348164 	 604056.017597966 
  0.05100 	 88060822.08680212 	 593661.4550403494 
  0.05200 	 87633970.27170575 	 583702.1230058892 
  0.05300 	 86045058.11374567 	 574157.8815009171 
  0.05400 	 86072723.51165839 	 565008.0189013168 
  0.05500 	 84987827.16570485 	 556233.8416501667 
  0.05600 	 82777353.47536898 	 547817.0403695789 
  0.05700 	 82553339.29413743 	 539741.6684523689 
  0.05800 	 80839611.01257741 	 531990.5315712409 
  0.05900 	 79362080.51563026 	 524548.8498886841 
  0.06000 	 79655548.81780365 	 517402.5732692691 
  0.06100 	 78351674.02306964 	 510538.1256082237 
  0.06200 	 77795597.9482866 	 503942.4488534511 
  0.06300 	 75966122.15612583 	 497603.5284553066 
  0.06400 	 75455125.4898228 	 491508.56557584833 
  0.06500 	 73496042.52620557 	 485648.173276183 
  0.06600 	 72943734.87359779 	 480010.94224049983 
  0.06700 	 72475619.67141698 	 474586.9411709132 
  0.06800 	 72248803.95065707 	 469366.9838876572 
  0.06900 	 69562047.03426966 	 464342.11413714977 
  0.07000 	 68670951.03519203 	 459503.0617004206 
  0.07100 	 67798980.02596095 	 454842.0159358112 
  0.07200 	 68224423.7453376 	 450351.0029654427 
  0.07300 	 65517030.19743142 	 446023.168658795 
  0.07400 	 65765236.70857584 	 441850.7658883928 
  0.07500 	 63468038.987892084 	 437827.0060983223 
  0.07600 	 63098911.78156353 	 433944.9193695566 
  0.07700 	 62665172.86880155 	 430199.58150963404 
  0.07800 	 61185973.655224636 	 426583.58566529176 
  0.07900 	 60490533.39333284 	 423091.6671079698 
  0.08000 	 59844906.94579246 	 419718.7608349475 
  0.08100 	 58827076.0955271 	 416459.62742132385 
  0.08200 	 57213359.567090824 	 413308.2369207892 
  0.08300 	 57009025.74361311 	 410260.4757556282 
  0.08400 	 55755490.843256034 	 407311.5433694671 
  0.08500 	 54479046.36584894 	 404457.097248867 
  0.08600 	 53759355.590967596 	 401692.63031014235 
  0.08700 	 52499484.55090245 	 399014.1619086212 
  0.08800 	 50401646.90321438 	 396416.98491398344 
  0.08900 	 51320388.21685117 	 393898.2418410807 
  0.09000 	 50136795.514826134 	 391453.7725402253 
  0.09100 	 48858799.68590427 	 389079.74108688906 
  0.09200 	 48410292.271696955 	 386772.7284144694 
  0.09300 	 47263285.24349051 	 384530.38393731933 
  0.09400 	 45952039.4670937 	 382347.3155703851 
  0.09500 	 45307054.99979727 	 380222.1304672856 
  0.09600 	 45024226.19409669 	 378151.408017092 
  0.09700 	 43818685.0879722 	 376132.692158916 
  0.09800 	 43706812.55354682 	 374162.6673903947 
  0.09900 	 42200351.23830868 	 372239.04006983613 
  0.10000 	 40564483.95131869 	 370357.73846683255 
  0.10100 	 40156312.33659998 	 368517.36946934205 
  0.10200 	 39780678.13969209 	 366715.7169938503 
  0.10300 	 38931026.22658041 	 364949.3705894868 
  0.10400 	 37751023.88782127 	 363216.7516318068 
  0.10500 	 37073613.5169136 	 361516.5231322777 
  0.10600 	 36654334.97281318 	 359843.4003211608 
  0.10700 	 35369998.76901236 	 358198.64825779706 
  0.10800 	 35314335.45272368 	 356578.16386069934 
  0.10900 	 34195266.51506097 	 354980.6404829036 
  0.11000 	 33607305.408394 	 353404.168383986 
  0.11100 	 33317577.793945435 	 351846.8794043608 
  0.11200 	 32397569.968280733 	 350306.5438015464 
  0.11300 	 31953835.30877937 	 348781.6693628891 
  0.11400 	 31047436.82385075 	 347271.1560539392 
  0.11500 	 30203902.5700173 	 345772.7297482386 
  0.11600 	 29913190.647954576 	 344284.84318884293 
  0.11700 	 29268487.65874134 	 342806.4402354074 
  0.11800 	 28160108.81657277 	 341334.3973153282 
  0.11900 	 27406261.904522207 	 339868.64894038846 
  0.12000 	 26482130.642304894 	 338407.2447136573 
  0.12100 	 25720086.77908796 	 336950.7677787893 
  0.12200 	 26137143.992334988 	 335495.412194874 
  0.12300 	 24782336.178500433 	 334041.13128744334 
  0.12400 	 24726062.4505342 	 332586.14235930145 
  0.12500 	 23425491.338164028 	 331129.1148006579 
  0.12600 	 23338150.13914583 	 329671.30710757273 
  0.12700 	 23093390.802817754 	 328208.709712528 
  0.12800 	 22162438.71144397 	 326741.45084770507 
  0.12900 	 21797913.777256 	 325269.2680359281 
  0.13000 	 21658404.19895033 	 323790.3422735179 
  0.13100 	 20641950.673470538 	 322303.1998890113 
  0.13200 	 19666670.78809806 	 320808.3754969256 
  0.13300 	 20147980.763756327 	 319305.2478754908 
  0.13400 	 19160797.9302034 	 317791.93377489835 
  0.13500 	 18945124.394470662 	 316268.4700351163 
  0.13600 	 18971571.719295554 	 314733.77441054676 
  0.13700 	 17938289.238926798 	 313187.6036212417 
  0.13800 	 17702563.64539228 	 311629.0501908185 
  0.13900 	 17010460.421884783 	 310058.28611590376 
  0.14000 	 16594584.19554226 	 308474.6314974698 
  0.14100 	 15975680.191470638 	 306877.6098476682 
  0.14200 	 15455540.994376697 	 305266.3273520538 
  0.14300 	 15030533.9570581 	 303641.5243850328 
  0.14400 	 14676038.067073759 	 302000.58184195997 
  0.14500 	 15143057.005876588 	 300347.03710927616 
  0.14600 	 14074054.780889597 	 298678.29633237416 
  0.14700 	 13765477.075024175 	 296995.17475198535 
  0.14800 	 13655120.203986593 	 295295.6501051793 
  0.14900 	 13044421.369608844 	 293581.21089471795 
  0.15000 	 12706643.826309461 	 291851.8056724319 
  0.15100 	 12249397.215255855 	 290107.2712778952 
  0.15200 	 12121540.277654603 	 288349.17125492246 
  0.15300 	 11466300.915683905 	 286575.48097200936 
  0.15400 	 11256086.007771593 	 284785.5806805865 
  0.15500 	 10719900.135841368 	 282982.37018903747 
  0.15600 	 11017764.280976012 	 281163.471835079 
  0.15700 	 10720767.527981779 	 279333.1172502598 
  0.15800 	 10403398.111022603 	 277485.73539288325 
  0.15900 	 10209691.553062078 	 275626.9528558264 
  0.16000 	 9658249.768308237 	 273753.2870494352 
  0.16100 	 9959409.687933665 	 271869.9041697223 
  0.16200 	 9659954.776712907 	 269972.2636017703 
  0.16300 	 8554436.411518818 	 268063.37100704084 
  0.16400 	 8831679.290467154 	 266143.54139733734 
  0.16500 	 8184389.752842306 	 264212.73083927855 
  0.16600 	 8541860.265173487 	 262272.34373378544 
  0.16700 	 7726942.344065442 	 260320.89801390097 
  0.16800 	 7206795.53552402 	 258360.2268109173 
  0.16900 	 7754340.716361027 	 256393.85001975793 
  0.17000 	 7732886.327084385 	 254418.18035818325 
  0.17100 	 6870767.756155726 	 252435.9813798072 
  0.17200 	 6690168.108007974 	 250447.1413562656 
  0.17300 	 6958705.970289317 	 248453.17803896967 
  0.17400 	 6269207.308219415 	 246455.8250489597 
  0.17500 	 6324849.891289606 	 244453.69049384564 
  0.17600 	 6731602.454649115 	 242446.2830679209 
  0.17700 	 6103400.892501737 	 240439.19577610507 
  0.17800 	 5893840.698328593 	 238429.14090067742 
  0.17900 	 5682108.323644685 	 236419.35540501782 
  0.18000 	 5646044.031494873 	 234409.87842696568 
  0.18100 	 5564294.744979808 	 232403.88267723413 
  0.18200 	 5311202.934607794 	 230395.20451323845 
  0.18300 	 5110613.805801775 	 228391.33000535573 
  0.18400 	 4899085.949315705 	 226390.6577842431 
  0.18500 	 5002681.503990019 	 224396.29722459958 
  0.18600 	 4900756.188676333 	 222405.7559337472 
  0.18700 	 4223250.436870775 	 220421.69234776893 
  0.18800 	 4270697.267144558 	 218444.025791051 
  0.18900 	 4566521.614775872 	 216477.63242672317 
  0.19000 	 4704393.098322852 	 214514.5096530999 
  0.19100 	 4333716.60188161 	 212568.14342617756 
  0.19200 	 3977833.4733615536 	 210626.6517574064 
  0.19300 	 4051675.8815196394 	 208701.6262496519 
  0.19400 	 3737948.17981651 	 206785.16878495459 
  0.19500 	 3901463.552005711 	 204883.57476770526 
  0.19600 	 3365720.2930845423 	 202995.59300891956 
  0.19700 	 3578070.0137528223 	 201122.61455303698 
  0.19800 	 3391025.785910954 	 199264.43273938543 
  0.19900 	 3048439.624242194 	 197425.3303032523 
  0.20000 	 3136562.395935524 	 195599.40953281577 
  0.20100 	 2991266.423692507 	 193794.45137244533 
  0.20200 	 3105197.975898552 	 192006.35460164177 
  0.20300 	 2827643.539864601 	 190239.61094031838 
  0.20400 	 2928380.2462554225 	 188491.4277392701 
  0.20500 	 2902075.435155289 	 186764.6960924684 
  0.20600 	 2556622.1161188656 	 185057.10762690235 
  0.20700 	 3069113.0248974967 	 183373.91381081898 
  0.20800 	 3060015.039312611 	 181710.02480238673 
  0.20900 	 2707833.1745741856 	 180076.2953539196 
  0.21000 	 2467847.8778803353 	 178459.3833440902 
  0.21100 	 2380168.0291162874 	 176869.2926691738 
  0.21200 	 2200558.5333413915 	 175302.5127690119 
  0.21300 	 2308032.9681045213 	 173760.46903927618 
  0.21400 	 2163814.2117178254 	 172244.917898376 
  0.21500 	 2258292.5229541454 	 170758.25525316372 
  0.21600 	 2231141.4568736595 	 169292.8390171819 
  0.21700 	 1997099.071744597 	 167856.79148605277 
  0.21800 	 2056053.144034185 	 166446.90372783112 
  0.21900 	 2098383.600110883 	 165061.37560588872 
  0.22000 	 1655526.2766896547 	 163703.74421176815 
  0.22100 	 1829696.7882463648 	 162378.33159194028 
  0.22200 	 1637809.0520619575 	 161078.42424206 
  0.22300 	 2026962.4209851795 	 159804.76460376946 
  0.22400 	 1689381.6946062385 	 158557.6099766986 
  0.22500 	 1923339.3048654778 	 157344.5803668723 
  0.22600 	 2080695.0500157727 	 156153.6064736064 
  0.22700 	 1354568.2367299763 	 154995.92008944953 
  0.22800 	 1500479.1502513785 	 153863.5605141802 
  0.22900 	 1592249.676730288 	 152757.70302981604 
  0.23000 	 1492209.8199266721 	 151683.0401620991 
  0.23100 	 1455104.3888555518 	 150636.6290779191 
  0.23200 	 1351769.6564393495 	 149614.59846508998 
  0.23300 	 1626722.632052232 	 148622.96224533842 
  0.23400 	 1398823.0610861834 	 147659.18404151304 
  0.23500 	 1450019.4461215057 	 146717.41369238796 
  0.23600 	 1509604.91634015 	 145807.57715123726 
  0.23700 	 1342118.6569575658 	 144923.09991007845 
  0.23800 	 1257679.95091267 	 144066.35675125162 
  0.23900 	 1317736.86021568 	 143232.25358108454 
  0.24000 	 1323903.9891405662 	 142425.0087091991 
  0.24100 	 1310268.9306772405 	 141647.78451349787 
  0.24200 	 1227764.9008822811 	 140893.17666884727 
  0.24300 	 1319993.0390868217 	 140162.31901550674 
  0.24400 	 1202441.3367425348 	 139455.92314798312 
  0.24500 	 1236628.5094999326 	 138772.7763002681 
  0.24600 	 1270989.6666781926 	 138113.93668112825 
  0.24700 	 1295955.0823794326 	 137478.45194132454 
  0.24800 	 1418608.028987069 	 136864.92367584794 
  0.24900 	 1204275.227711388 	 136271.2637553295 
  0.25000 	 1024288.2119494524 	 135700.78955205163 
  0.25100 	 1029349.7644097225 	 135148.05391501109 
  0.25200 	 892466.7093974121 	 134622.02787431804 
  0.25300 	 1038627.7223425193 	 134111.45428656522 
  0.25400 	 1090825.3539429223 	 133622.13216596242 
  0.25500 	 1077885.9749468698 	 133147.85481177847 
  0.25600 	 1029404.6935539691 	 132694.47990833182 
  0.25700 	 839518.0001628457 	 132255.96392547304 
  0.25800 	 1205787.4601783713 	 131836.92924482844 
  0.25900 	 1179071.9927721214 	 131432.61723353647 
  0.26000 	 1010700.2674087984 	 131045.56074109362 
  0.26100 	 792319.3391027834 	 130668.99947335597 
  0.26200 	 958915.7268124147 	 130312.29175460276 
  0.26300 	 836673.9376541132 	 129962.84732344281 
  0.26400 	 969542.2416689713 	 129630.05960854498 
  0.26500 	 1035542.9899101834 	 129310.31993206995 
  0.26600 	 876576.0652237687 	 129000.04529364825 
  0.26700 	 1257175.6004750943 	 128703.14459967909 
  0.26800 	 822986.5855408218 	 128418.74696785994 
  0.26900 	 959317.1793694462 	 128139.11776924282 
  0.27000 	 1041908.7178371785 	 127872.83826105893 
  0.27100 	 767628.052730838 	 127612.94048740585 
  0.27200 	 1076111.0971285487 	 127368.1372182203 
  0.27300 	 928250.1227634063 	 127123.77542628297 
  0.27400 	 878625.0978157459 	 126881.24230524705 
  0.27500 	 709153.8020343322 	 126656.85781630833 
  0.27600 	 630932.5601563632 	 126428.29963287342 
  0.27700 	 951130.7231435536 	 126212.38278818938 
  0.27800 	 675168.3842140124 	 125996.92388223147 
  0.27900 	 864758.9633985276 	 125787.83900596062 
  0.28000 	 682667.0984691079 	 125581.3085889785 
  0.28100 	 694022.2095400285 	 125377.84644396545 
  0.28200 	 917712.5621987178 	 125179.3813958269 
  0.28300 	 827733.1994940214 	 124982.34691725588 
  0.28400 	 736541.7366957022 	 124785.1229752969 
  0.28500 	 985102.2918181503 	 124592.48445915009 
  0.28600 	 783221.8804186098 	 124396.5564415393 
  0.28700 	 981933.2495990634 	 124203.69540890731 
  0.28800 	 825418.0934064292 	 124008.64390228696 
  0.28900 	 604152.3399737806 	 123816.8620681442 
  0.29000 	 764904.858856479 	 123619.96603263397 
  0.29100 	 843124.7215820625 	 123427.0583304268 
  0.29200 	 671385.3807368048 	 123229.55239265076 
  0.29300 	 776627.6646585386 	 123032.56478671046 
  0.29400 	 526078.4189791809 	 122827.70510685918 
  0.29500 	 774603.007543641 	 122627.08250726844 
  0.29600 	 710672.9033147376 	 122419.79542836892 
  0.29700 	 880411.0731875031 	 122207.30578413916 
  0.29800 	 765832.9915966743 	 121995.06475168242 
  0.29900 	 953967.2700428495 	 121779.90328377429 
  0.30000 	 632980.2873452563 	 121556.64077718375 
  0.30100 	 607430.7807718575 	 121332.95574850569 
  0.30200 	 699656.9355525263 	 121100.42802593562 
  0.30300 	 682333.1436987611 	 120866.93446494777 
  0.30400 	 709218.5037324307 	 120628.80347157468 
  0.30500 	 535896.8665465991 	 120381.25925557381 
  0.30600 	 803282.7625284909 	 120128.50393308027 
  0.30700 	 541076.746094341 	 119875.0146743088 
  0.30800 	 660987.897265218 	 119610.19108891569 
  0.30900 	 850429.9435319188 	 119343.42235672774 
  0.31000 	 696039.5281240949 	 119068.80916162144 
  0.31100 	 631855.6633513013 	 118787.4234740014 
  0.31200 	 809303.7457484315 	 118500.24423767439 
  0.31300 	 772992.7505291784 	 118205.54079180965 
  0.31400 	 598866.5696254853 	 117907.16793246093 
  0.31500 	 742497.9605150258 	 117597.42778034168 
  0.31600 	 601502.632184371 	 117283.95756551865 
  0.31700 	 653587.0578202823 	 116963.8164367973 
  0.31800 	 684155.2840223381 	 116632.44360762832 
  0.31900 	 482702.4261829554 	 116300.21874113819 
  0.32000 	 550537.0251945115 	 115957.30510336798 
  0.32100 	 732049.6073596181 	 115606.61626602778 
  0.32200 	 424112.48372623016 	 115252.79135297338 
  0.32300 	 750531.8085936437 	 114884.41990839358 
  0.32400 	 803751.0980666303 	 114512.19579632617 
  0.32500 	 586632.3321356759 	 114130.83211821232 
  0.32600 	 748643.7188333432 	 113743.32689434753 
  0.32700 	 555760.1493900692 	 113347.92866194958 
  0.32800 	 535397.0996170858 	 112948.57722103795 
  0.32900 	 461795.8710179255 	 112536.53123724395 
  0.33000 	 573997.6009286599 	 112121.48318476726 
  0.33100 	 656677.4566165602 	 111691.97152018217 
  0.33200 	 563910.8953493177 	 111264.81460378709 
  0.33300 	 779196.5553462576 	 110824.2821783128 
  0.33400 	 714611.4839483296 	 110379.43110104503 
  0.33500 	 691625.2208876737 	 109924.18461743403 
  0.33600 	 559074.5472138388 	 109463.02502103218 
  0.33700 	 789424.3761722891 	 108992.72133724322 
  0.33800 	 574945.7330572157 	 108519.89552653808 
  0.33900 	 517886.0390906156 	 108035.51689650229 
  0.34000 	 578808.1027279067 	 107546.06156059951 
  0.34100 	 669452.9434408873 	 107048.7477464 
  0.34200 	 1038615.5651053097 	 106549.88080491376 
  0.34300 	 516329.7050888846 	 106038.62039970774 
  0.34400 	 811347.6765474661 	 105526.81842040998 
  0.34500 	 548962.7634272662 	 105005.72502112125 
  0.34600 	 733676.1744254259 	 104482.21350359164 
  0.34700 	 493174.04746106116 	 103947.13499783124 
  0.34800 	 628425.6525405591 	 103409.93933526566 
  0.34900 	 680806.2064718936 	 102867.59331757844 
  0.35000 	 584041.4986066245 	 102319.18561836857 
  0.35100 	 545962.5365135103 	 101768.60269767977 
  0.35200 	 502218.21747023787 	 101208.28155790833 
  0.35300 	 530371.7406204571 	 100644.92047819588 
  0.35400 	 724328.1297775538 	 100078.49656372229 
  0.35500 	 644148.8751733025 	 99508.4288720632 
  0.35600 	 571851.0263118466 	 98932.2878420361 
  0.35700 	 596185.2792481352 	 98353.3368084046 
  0.35800 	 680835.5782700721 	 97772.0236544929 
  0.35900 	 520360.24800659274 	 97187.46252467814 
  0.36000 	 560098.0706730817 	 96602.35917485143 
  0.36100 	 590611.1530330242 	 96011.28196005832 
  0.36200 	 676337.3409315435 	 95423.4432927594 
  0.36300 	 661803.0683285709 	 94827.25357891 
  0.36400 	 681123.7833112323 	 94230.11676552177 
  0.36500 	 539295.8806100033 	 93631.74776843478 
  0.36600 	 645233.2565053883 	 93035.49248683803 
  0.36700 	 725259.0982493841 	 92434.64974078785 
  0.36800 	 578856.3692164664 	 91839.47674953468 
  0.36900 	 590717.8661225123 	 91242.16741545862 
  0.37000 	 641866.1432280322 	 90639.08672341565 
  0.37100 	 495142.53907045285 	 90037.94225504436 
  0.37200 	 527086.4684625011 	 89442.1064090139 
  0.37300 	 546711.8438847347 	 88844.1809423857 
  0.37400 	 507293.7131946233 	 88249.96639502645 
  0.37500 	 568459.002025846 	 87657.16893941 
  0.37600 	 472539.0863287805 	 87065.8548230556 
  0.37700 	 596141.839445208 	 86474.63471257412 
  0.37800 	 623362.6283989366 	 85888.66386990964 
  0.37900 	 523464.12392238615 	 85307.34676657141 
  0.38000 	 526437.0264142705 	 84726.51797678784 
  0.38100 	 421574.3251906106 	 84147.91450510496 
  0.38200 	 658490.9062848524 	 83575.51781823915 
  0.38300 	 501280.5357596434 	 83004.34937799412 
  0.38400 	 445131.4842832453 	 82441.85625673093 
  0.38500 	 561268.3584602984 	 81878.91566546372 
  0.38600 	 509401.2954590121 	 81326.83490017272 
  0.38700 	 528158.4712673518 	 80773.60528901836 
  0.38800 	 491734.388677872 	 80228.01264051715 
  0.38900 	 456283.34992129414 	 79686.85952353037 
  0.39000 	 487683.6206649936 	 79155.77556255774 
  0.39100 	 587755.4945171213 	 78627.17497028725 
  0.39200 	 580368.6976030339 	 78107.39626299408 
  0.39300 	 632791.3779201757 	 77591.23619523658 
  0.39400 	 564863.675430358 	 77086.63486509476 
  0.39500 	 569525.4436633796 	 76583.72917513619 
  0.39600 	 553142.0624612494 	 76088.75669175173 
  0.39700 	 581469.0277363627 	 75601.48226273339 
  0.39800 	 578194.1555085764 	 75123.4083068235 
  0.39900 	 436412.13494551193 	 74651.7181823566 
  0.40000 	 508021.10628274607 	 74186.71621980345 
  0.40100 	 450105.23947172886 	 73729.44968706653 
  0.40200 	 304976.04178538045 	 73282.70916550909 
  0.40300 	 441556.0081085478 	 72840.69972180277 
  0.40400 	 543209.3857666757 	 72409.3664900244 
  0.40500 	 453512.86508900474 	 71985.08093365261 
  0.40600 	 491725.2751772224 	 71572.42042723554 
  0.40700 	 434745.752420333 	 71165.12638570486 
  0.40800 	 372792.2639284735 	 70766.32448260974 
  0.40900 	 552555.559035805 	 70376.1564969774 
  0.41000 	 428009.88080994744 	 69997.92919342806 
  0.41100 	 572188.412759667 	 69624.8047291374 
  0.41200 	 622751.6504567892 	 69260.00113872753 
  0.41300 	 423744.9800149664 	 68906.72153357693 
  0.41400 	 470481.5545442543 	 68560.40778504284 
  0.41500 	 431077.1024802174 	 68224.52434769234 
  0.41600 	 540598.768089861 	 67892.89225194395 
  0.41700 	 444733.03960601846 	 67574.6364538831 
  0.41800 	 323513.6918561878 	 67267.06211155768 
  0.41900 	 482371.6155399351 	 66960.01729652984 
  0.42000 	 452362.0415370854 	 66667.43378081184 
  0.42100 	 446469.91778180934 	 66384.44613147304 
  0.42200 	 453525.2111000741 	 66109.12905945627 
  0.42300 	 437226.69643389934 	 65840.09745576244 
  0.42400 	 531695.9239493173 	 65580.29227959533 
  0.42500 	 565489.7155175076 	 65329.56293548163 
  0.42600 	 505066.590194672 	 65084.56741648972 
  0.42700 	 474369.9650105019 	 64851.736816657016 
  0.42800 	 450102.01422625134 	 64623.77211526462 
  0.42900 	 425195.13919193373 	 64407.84824783815 
  0.43000 	 420389.43867172697 	 64197.34122244027 
  0.43100 	 437717.9474962228 	 63991.651541499414 
  0.43200 	 450589.667902116 	 63797.7807571745 
  0.43300 	 433379.56417973124 	 63609.20603754112 
  0.43400 	 429329.24277055234 	 63428.15727144087 
  0.43500 	 348028.0624734005 	 63254.60938704347 
  0.43600 	 389348.05498710583 	 63091.51707772293 
  0.43700 	 549178.5617792502 	 62931.4485674682 
  0.43800 	 486006.04171898257 	 62776.80824961094 
  0.43900 	 403276.8401429484 	 62632.07614728356 
  0.44000 	 454584.48031027964 	 62493.01915523391 
  0.44100 	 503305.98763790925 	 62360.90881948916 
  0.44200 	 409259.72130850225 	 62235.545258336504 
  0.44300 	 365457.1463528932 	 62115.451918516694 
  0.44400 	 507086.5569157644 	 62002.03690407571 
  0.44500 	 376215.60309669736 	 61890.98007018671 
  0.44600 	 467186.70367139386 	 61786.872833443995 
  0.44700 	 430526.11143662984 	 61691.13704794135 
  0.44800 	 333983.296216754 	 61597.45019734554 
  0.44900 	 454893.9683342523 	 61512.33867780035 
  0.45000 	 358530.7005493222 	 61432.30646031579 
  0.45100 	 474733.5798352229 	 61352.635985760615 
  0.45200 	 495048.1369313786 	 61281.00757980448 
  0.45300 	 400968.1373641245 	 61212.45077269442 
  0.45400 	 452694.6425390332 	 61149.3255048671 
  0.45500 	 436543.5582915234 	 61090.66250365572 
  0.45600 	 469012.0210252995 	 61035.23663816055 
  0.45700 	 375749.29416343 	 60984.09597036405 
  0.45800 	 474938.0722724361 	 60935.64354749544 
  0.45900 	 387054.2481451998 	 60890.958739201495 
  0.46000 	 368202.9001101179 	 60853.36493978966 
  0.46100 	 343004.45075036865 	 60812.90045056869 
  0.46200 	 451779.71930356754 	 60780.84446321844 
  0.46300 	 345887.4851410792 	 60748.975875620505 
  0.46400 	 439411.55800541723 	 60719.550512239985 
  0.46500 	 449401.72421117715 	 60695.06955129242 
  0.46600 	 498170.20301053417 	 60671.674698551906 
  0.46700 	 488247.70867232943 	 60648.79949202429 
  0.46800 	 473642.4670873154 	 60632.67534084754 
  0.46900 	 441051.1559083254 	 60614.44946462274 
  0.47000 	 453829.9893257629 	 60598.942410639276 
  0.47100 	 366038.1809570092 	 60586.37014906354 
  0.47200 	 382904.4783297975 	 60575.52490413891 
  0.47300 	 497821.7665027117 	 60567.04839171125 
  0.47400 	 463474.4726740662 	 60556.066539825966 
  0.47500 	 366919.0527472088 	 60549.7712857172 
  0.47600 	 329781.29672103014 	 60546.30252789286 
  0.47700 	 415291.12655331416 	 60538.250202309646 
  0.47800 	 514008.9381480616 	 60534.134252839525 
  0.47900 	 516023.3693799214 	 60533.010620920926 
  0.48000 	 412694.11067990167 	 60528.10513927006 
  0.48100 	 331500.030763647 	 60529.24433434947 
  0.48200 	 459588.2640559298 	 60523.41218740456 
  0.48300 	 472784.80385362246 	 60520.657952732785 
  0.48400 	 425595.96682963707 	 60520.03416548441 
  0.48500 	 514496.41429046006 	 60517.65523167402 
  0.48600 	 361224.9977024133 	 60517.07108600107 
  0.48700 	 426050.55141202535 	 60514.9869674893 
  0.48800 	 544533.8850755678 	 60510.46353062153 
  0.48900 	 448451.6685123694 	 60506.03895189469 
  0.49000 	 431200.22722990456 	 60502.352806442745 
  0.49100 	 393494.979025952 	 60499.60070509847 
  0.49200 	 442621.6318247027 	 60492.75055996766 
  0.49300 	 433571.22705856955 	 60486.63690686086 
  0.49400 	 436879.73436783435 	 60478.71851874639 
  0.49500 	 526725.2802011347 	 60469.079698088564 
  0.49600 	 388651.4885802759 	 60460.43034861041 
  0.49700 	 382620.7315807981 	 60447.3847270373 
  0.49800 	 503503.9356688774 	 60435.6317263844 
  0.49900 	 442000.40157559747 	 60419.122216005075 
  0.50000 	 497988.29683758493 	 60403.47565834839 
  