# SAXS profile: number of points = 501, q_min = 0, q_max = 0.5, delta_q = 0.001
#    q    intensity    error
0.00000    116273724.77324386 17441.05871599
0.00100    116261904.03356624 62781.42966910
0.00200    116226446.32784720 88913.23425624
0.00300    116167378.50335479 104550.64437744
0.00400    116084721.48203422 104476.25330372
0.00500    115978547.27094725 135694.90567798
0.00600    115848900.89619958 121641.35089328
0.00700    115695876.50654405 194369.08060903
0.00800    115519538.61303912 218331.93719661
0.00900    115320049.51087104 242172.11432513
0.01000    115097454.29053788 246884.05011353
0.01100    114851960.19118682 227406.89107969
0.01200    114583650.22768560 290469.56606247
0.01300    114292753.95720680 336020.71145431
0.01400    113979375.68321396 359035.04931849
0.01500    113643775.86950544 272745.07423184
0.01600    113286057.81236917 346655.35240255
0.01700    112906554.37886956 335332.48154782
0.01800    112505406.13928147 480960.63288749
0.01900    112082876.93817674 403498.37518432
0.02000    111639206.72485304 457162.57221833
0.02100    111174736.59105158 403564.31212251
0.02200    110689577.69372457 458254.87247161
0.02300    110184164.20622778 475995.61103746
0.02400    109658707.01349959 411220.17005126
0.02500    109113593.44371983 638314.55079798
0.02600    108549074.76327363 439623.77289890
0.02700    107965527.12315254 498800.75815459
0.02800    107363183.14853144 560435.84173670
0.02900    106742547.31272635 528375.63345794
0.03000    106103872.73517512 641397.94016617
0.03100    105447547.96450353 607377.90422291
0.03200    104773911.04082550 674220.14860103
0.03300    104083492.80749762 583908.42156851
0.03400    103376470.09713566 651271.79166188
0.03500    102653396.16960448 886925.38386189
0.03600    101914581.40430760 565625.95293359
0.03700    101160524.13378474 691938.01707550
0.03800    100391579.76543163 704748.92256880
0.03900    99608247.39995420 776944.36569995
0.04000    98810794.72018473 729223.69882644
0.04100    97999845.78575714 617399.05707694
0.04200    97175757.31001790 752140.39647348
0.04300    96338927.84204116 763004.34392607
0.04400    95489883.73553371 773468.09417919
0.04500    94629097.76842959 652940.80494099
0.04600    93756888.13257222 727084.70126799
0.04700    92873850.28089766 802430.10374631
0.04800    91980367.50776136 878872.45242894
0.04900    91076996.65250236 888000.75869611
0.05000    90164083.90201275 827706.32876355
0.05100    89242193.06500082 1113742.62133384
0.05200    88311657.28111404 842493.24972308
0.05300    87373106.69572680 849266.63667346
0.05400    86426908.89104502 855626.43792251
0.05500    85473580.52935006 789775.92093367
0.05600    84513514.93884024 1011626.82102463
0.05700    83547327.28524050 944920.31570356
0.05800    82575316.60882184 730791.58611049
0.05900    81597983.64439045 807820.07580937
0.06000    80615850.96690790 885162.08497036
0.06100    79629372.91739877 888663.84328664
0.06200    78638981.67595547 966079.93504709
0.06300    77645171.31512493 819933.04742394
0.06400    76648202.22367421 896784.00795663
0.06500    75648777.61165459 1123384.40008251
0.06600    74647199.55266359 825224.82966575
0.06700    73643910.80643012 751167.92537946
0.06800    72639391.15517916 977363.05374240
0.06900    71634088.61208847 1128236.94846322
0.07000    70628314.72244555 902629.90442163
0.07100    69622555.83607487 1052693.09354724
0.07200    68617205.11169134 901630.11740611
0.07300    67612766.81581151 825551.92150278
0.07400    66609535.78376585 899228.77522243
0.07500    65607924.42062958 747930.37345253
0.07600    64608251.54691833 970092.94245552
0.07700    63611085.26551259 893099.67900391
0.07800    62616593.31574488 890407.99870666
0.07900    61625223.09582384 813452.98301885
0.08000    60637379.73514283 1031441.87768081
0.08100    59653417.53888567 953858.19120010
0.08200    58673544.95598181 1095728.50347023
0.08300    57698203.85107984 799697.14290736
0.08400    56727703.77248165 723278.25704885
0.08500    55762376.51291014 935135.09802156
0.08600    54802513.36621821 715172.83300759
0.08700    53848431.41296944 852959.19363444
0.08800    52900333.11855617 847463.37635934
0.08900    51958638.72422697 841729.98686828
0.09000    51023565.74193446 975060.38713232
0.09100    50095340.70551270 898710.45447937
0.09200    49174232.12402508 1097568.91257941
0.09300    48260613.16361646 680474.67758396
0.09400    47354457.49752728 809761.26126445
0.09500    46456197.02394617 869660.04916463
0.09600    45566019.75698057 729284.18049251
0.09700    44684187.02232667 656857.58010890
0.09800    43810829.92509394 650590.85497692
0.09900    42946216.33239221 708612.60280519
0.10000    42090347.15654492 701435.66835036
0.10100    41243541.66903058 694128.83893590
0.10200    40405995.36369596 749127.18927910
0.10300    39577750.40632953 1111343.28368815
0.10400    38759041.56964654 671500.42678493
0.10500    37950106.28340746 724088.06195529
0.10600    37150746.39880202 655896.45853310
0.10700    36361437.25342164 942488.49795999
0.10800    35582085.53670227 581767.12590403
0.10900    34812857.29168931 861618.25852194
0.11000    34053855.26130519 680396.06014681
0.11100    33305173.36144511 559526.93881109
0.11200    32566843.79919131 717610.43689821
0.11300    31838967.84032045 762224.92598343
0.11400    31121660.02253405 805272.99099889
0.11500    30414920.14675310 582141.59902073
0.11600    29718796.79171467 625877.88990703
0.11700    29033373.34671187 565279.80568229
0.11800    28358538.78046589 556819.93517973
0.11900    27694442.36082673 697899.98036507
0.12000    27041044.34342921 588953.97354251
0.12100    26398521.89995347 628020.86558478
0.12200    25766666.95860292 618013.53611751
0.12300    25145572.20059066 561249.19796011
0.12400    24535185.39898143 736055.59665052
0.12500    23935474.30052841 723808.77695420
0.12600    23346587.94192040 444752.52125186
0.12700    22768284.51329497 568296.40823359
0.12800    22200609.15782041 644372.71117454
0.12900    21643562.96386632 548664.34699371
0.13000    21097047.12207770 497468.39458670
0.13100    20560963.46944237 407107.09588502
0.13200    20035341.31063428 479646.09358726
0.13300    19520133.73116489 392354.70649319
0.13400    19015197.73008627 423563.54940684
0.13500    18520502.25018539 415600.09008896
0.13600    18035947.45366484 630085.85400280
0.13700    17561474.94639084 399874.80338472
0.13800    17096970.31210878 392119.03259888
0.13900    16642389.46409448 489286.27331823
0.14000    16197631.31283171 376837.91026493
0.14100    15762586.29802436 470040.34557558
0.14200    15337132.53628877 493472.26262986
0.14300    14921216.72900330 580136.93378732
0.14400    14514618.51311990 347262.26430671
0.14500    14117413.15905424 340088.49904431
0.14600    13729375.80823380 393552.57610860
0.14700    13350431.41798857 296379.59146150
0.14800    12980377.75242627 319122.60209918
0.14900    12619164.00539768 425896.80527632
0.15000    12266669.76985330 305624.09173612
0.15100    11922764.52118144 353390.75708255
0.15200    11587383.77139422 319116.56412235
0.15300    11260316.14062122 442192.63570883
0.15400    10941397.56148740 330703.75690220
0.15500    10630609.10279358 323383.14416839
0.15600    10327724.23342763 267539.70889346
0.15700    10032756.31352823 285331.60302349
0.15800    9745356.29566385 302154.78620838
0.15900    9465591.73261544 363478.73968884
0.16000    9193177.93548853 310821.36067039
0.16100    8928163.08740357 260345.24791809
0.16200    8670224.78777576 275583.10788864
0.16300    8419327.89251171 310673.21389989
0.16400    8175328.81086311 263041.21690759
0.16500    7938067.74489988 237189.47541564
0.16600    7707443.73471280 308914.35947207
0.16700    7483257.01606923 245151.51142119
0.16800    7265408.46787159 257849.35869948
0.16900    7053858.40758982 215848.07746417
0.17000    6848337.01269514 228357.80847130
0.17100    6648780.54523538 205846.25540082
0.17200    6455034.54195648 217760.60055619
0.17300    6266983.85233916 163568.28627048
0.17400    6084533.56324947 191662.81629383
0.17500    5907495.97036866 155957.90098325
0.17600    5735701.80791127 152282.89019223
0.17700    5569160.64220759 178435.91540397
0.17800    5407637.26909827 159714.57428647
0.17900    5251068.41229136 241024.05150860
0.18000    5099307.52073486 235358.54973669
0.18100    4952296.92688751 175757.02623738
0.18200    4809750.56797777 250852.55272263
0.18300    4671696.36822627 167620.47361023
0.18400    4537977.21560198 188893.31052289
0.18500    4408507.76252810 147596.84686222
0.18600    4283117.93012685 144169.75633915
0.18700    4161729.56333820 117360.77923082
0.18800    4044213.46447100 160514.83998856
0.18900    3930538.99874417 112020.36675689
0.19000    3820429.02519955 131346.35609231
0.19100    3714029.00175865 106964.04030471
0.19200    3610981.84053990 114991.72214551
0.19300    3511394.67562753 102181.58988911
0.19400    3415011.15835164 119866.89732232
0.19500    3321826.27059654 146492.54545583
0.19600    3231716.43585092 152795.56030759
0.19700    3144592.01271218 158770.45822494
0.19800    3060349.34042654 91351.43212889
0.19900    2978960.89293462 125116.36341625
0.20000    2900226.59964415 157395.30500137
0.20100    2824174.51283871 94129.74096170
0.20200    2750646.55798941 92132.91081438
0.20300    2679622.57977705 90196.10029838
0.20400    2610968.68053592 120430.93608198
0.20500    2544641.77697216 86492.37808751
0.20600    2480515.73075241 92424.02049653
0.20700    2418598.85672641 90552.34547616
0.20800    2358729.82733247 103524.65701525
0.20900    2300988.53599862 130466.05615842
0.21000    2245105.81697196 78163.36271284
0.21100    2191155.64127193 104518.12902960
0.21200    2139015.39782279 75175.69971037
0.21300    2088634.00075729 93863.21643146
0.21400    2039975.75701829 65789.22127413
0.21500    1993001.62093618 83945.23224256
0.21600    1947552.73949210 82410.69806787
0.21700    1903674.94331001 62250.17358940
0.21800    1861270.03661513 67256.99595304
0.21900    1820259.84217539 60068.57763192
0.22000    1780642.25448003 70833.95223242
0.22100    1742403.93703168 63824.25923130
0.22200    1705423.40134812 57046.41547250
0.22300    1669664.86162282 72930.96460426
0.22400    1635078.69268377 55183.90848752
0.22500    1601719.86374170 65157.96713816
0.22600    1569398.14464659 69469.41215787
0.22700    1538210.69704535 94692.25498803
0.22800    1508014.85106131 67340.40635867
0.22900    1478807.08879388 61222.61637134
0.23000    1450593.42382305 60315.67741500
0.23100    1423307.65776766 64390.44148261
0.23200    1396879.05766726 92759.75821134
0.23300    1371340.62277660 72201.08720390
0.23400    1346641.44608669 47469.11321962
0.23500    1322690.88176662 60870.23725783
0.23600    1299561.46498066 60059.23594470
0.23700    1277171.57330822 59273.53552075
0.23800    1255510.08425738 54012.04637945
0.23900    1234512.93852094 53330.96146663
0.24000    1214201.48722483 57061.40159116
0.24100    1194577.21367335 47699.47039822
0.24200    1175562.47079683 77128.65735732
0.24300    1157143.62182310 46586.60441827
0.24400    1139315.66232563 58617.79359949
0.24500    1122047.86222449 41403.56807465
0.24600    1105337.74971208 40952.76556411
0.24700    1089161.67813827 56723.54288080
0.24800    1073497.43228953 52123.67029062
0.24900    1058317.87949410 59530.38353777
0.25000    1043633.12108365 51080.62552797
0.25100    1029389.16371041 62257.45956654
0.25200    1015653.95565577 50107.29027284
0.25300    1002323.59041854 53463.94284233
0.25400    989435.55220231 49199.68516096
0.25500    976936.28867645 41265.79078606
0.25600    964863.99748039 48354.16152149
0.25700    953160.92483230 40576.06248990
0.25800    941858.61885151 51227.69270312
0.25900    930914.57160374 39936.23701137
0.26000    920346.69310563 36031.57473994
0.26100    910093.33367203 42920.00364678
0.26200    900225.44350839 53270.84314022
0.26300    890640.62169073 63484.86651806
0.26400    881405.75656224 38539.46852930
0.26500    872492.53334584 52218.68059168
0.26600    863870.09965538 44977.39886687
0.26700    855564.92201368 44711.82494021
0.26800    847565.80922998 37619.21022285
0.26900    839814.33321013 40814.97852544
0.27000    832371.31620737 50753.84340753
0.27100    825184.11594350 33667.51352374
0.27200    818313.85752000 33509.95405125
0.27300    811652.98575818 40030.72715201
0.27400    805211.43704793 39857.96802014
0.27500    799100.14648016 56240.67097088
0.27600    793162.25425479 42842.66119114
0.27700    787512.57935184 49258.91416971
0.27800    782065.71693674 45821.23252391
0.27900    776862.46501720 35891.04758244
0.28000    771873.49599335 35787.91633552
0.28100    767098.49619887 35693.09471745
0.28200    762550.84826862 55029.48456983
0.28300    758205.73959684 32299.56603557
0.28400    754050.73665596 41906.37167312
0.28500    750116.47910290 45051.99786729
0.28600    746345.95966784 44982.27311828
0.28700    742783.83528673 41714.74216417
0.28800    739390.20539623 57694.62045793
0.28900    736201.79114517 41632.21325986
0.29000    733157.83510234 44803.27742383
0.29100    730320.50860785 44783.25570764
0.29200    727628.88932507 38375.14943950
0.29300    725115.57609517 38373.11810338
0.29400    722722.91854425 35178.53972537
0.29500    720528.74133260 44788.06868137
0.29600    718457.58507302 35208.01562316
0.29700    716521.60577817 38434.22075334
0.29800    714746.57254705 35262.02382586
0.29900    713112.25837355 38508.06377511
0.30000    711584.04535957 38553.62540270
0.30100    710207.63218782 35389.64798727
0.30200    708930.05220696 35442.95963798
0.30300    707792.47976793 32275.33860537
0.30400    706771.12982296 35568.25879220
0.30500    705833.18398902 32397.74467888
0.30600    705003.51661718 35711.95482494
0.30700    704303.80460487 35792.72104456
0.30800    703669.67842793 45661.12759496
0.30900    703149.44891482 52314.32147604
0.31000    702708.59990770 32781.35773772
0.31100    702347.64359668 32869.87127656
0.31200    702069.82723836 36258.39794440
0.31300    701863.18030325 36363.53309319
0.31400    701743.31608623 39788.84790596
0.31500    701664.78604806 53214.25989343
0.31600    701665.98055643 43373.48464173
0.31700    701728.35499281 36819.68852981
0.31800    701819.96440534 33582.08688686
0.31900    701996.80972737 40435.01815485
0.32000    702203.49206720 50716.64961596
0.32100    702443.97831319 50892.06863853
0.32200    702748.67944350 47667.44518372
0.32300    703047.61406810 61502.60819088
0.32400    703392.78655451 44577.51995870
0.32500    703755.46195042 55061.82995027
0.32600    704148.53929446 37992.33623665
0.32700    704554.19233365 38130.47469468
0.32800    704996.49059643 48708.20984179
0.32900    705417.68485579 45393.63017002
0.33000    705871.97180507 38551.19956569
0.33100    706289.57607386 35173.22255408
0.33200    706759.29478847 38832.89129108
0.33300    707193.56309331 46059.51894543
0.33400    707635.18875956 56893.87187052
0.33500    708049.79674478 42822.85373505
0.33600    708455.70382632 57299.90003900
0.33700    708834.91783932 43125.51844364
0.33800    709217.55068787 50489.19982450
0.33900    709548.51965183 43424.37145917
0.34000    709866.07129568 36309.65126633
0.34100    710147.94952308 36430.59153583
0.34200    710423.16211769 36551.27342199
0.34300    710632.38784453 40335.49624432
0.34400    710836.20659785 40464.35297697
0.34500    710983.12576015 44280.03116945
0.34600    711108.67267336 48117.17061530
0.34700    711156.94742414 51971.35217917
0.34800    711177.14652607 63291.21315265
0.34900    711151.06814487 56003.14926882
0.35000    711069.61088040 41181.59846459
0.35100    710953.54405003 37538.34890375
0.35200    710754.82288988 45161.36358540
0.35300    710508.41863774 49046.39846156
0.35400    710212.47747864 49164.46108207
0.35500    709861.56380572 49278.59209343
0.35600    709438.63072830 41789.48452238
0.35700    708957.41394105 38071.01493186
0.35800    708421.22954466 41963.33351968
0.35900    707821.11129153 38222.34182016
0.36000    707168.70909787 68927.73734059
0.36100    706433.08861360 46031.18223439
0.36200    705663.71639329 46108.06941312
0.36300    704789.81957856 38481.52597174
0.36400    703853.47018645 46243.17518166
0.36500    702853.26196519 46303.97509158
0.36600    701803.76812161 50224.58904466
0.36700    700662.93331515 42544.25532615
0.36800    699492.75037772 46460.31068085
0.36900    698245.37319002 46503.14405727
0.37000    696891.59245874 42660.22085315
0.37100    695480.42188588 58211.71406932
0.37200    694031.62285420 58246.60670719
0.37300    692496.33279419 42733.95072106
0.37400    690909.90630098 46636.42088452
0.37500    689256.23255707 50536.26936504
0.37600    687534.49870702 58320.11661553
0.37700    685735.67797999 42769.33626167
0.37800    683890.12362906 38879.15537010
0.37900    681992.47554793 66085.07401121
0.38000    680016.90747774 50521.85853442
0.38100    677974.02229423 54387.07864493
0.38200    675886.20539352 58244.49650903
0.38300    673722.18244565 42687.03950200
0.38400    671529.21128973 50415.05792594
0.38500    669248.98476910 46499.42166464
0.38600    666950.76959690 46459.79281114
0.38700    664562.37324496 42545.28515073
0.38800    662135.02666527 46362.69676355
0.38900    659652.17072654 42448.61919728
0.39000    657145.65638725 46249.91348767
0.39100    654569.27770007 42337.54288744
0.39200    651964.94100876 49963.33562130
0.39300    649297.80026405 46048.20217635
0.39400    646618.88393127 38312.17068805
0.39500    643867.79725274 49719.47365944
0.39600    641082.56782781 41994.11559515
0.39700    638263.39251649 53346.05687396
0.39800    635420.83247332 53241.91407546
0.39900    632536.21710475 49337.82727173
0.40000    629613.69776616 37871.26571494
0.40100    626660.86082438 41566.41686787
0.40200    623698.19269895 56553.83630248
0.40300    620684.76199874 63942.94721072
0.40400    617665.36346755 56284.75891276
0.40500    614614.32627413 48659.01851661
0.40600    611565.00155498 52270.46315952
0.40700    608475.86004069 48410.34171857
0.40800    605372.23914160 40853.54749417
0.40900    602251.62140139 48150.01941247
0.41000    599141.04413857 36937.04712129
0.41100    595994.34213753 44198.94250716
0.41200    592837.13655955 40398.88858505
0.41300    589690.98060520 51267.73628302
0.41400    586528.04746691 43813.64722180
0.41500    583371.87045923 43682.88772982
0.41600    580183.52114900 36290.48096744
0.41700    577024.44365982 47033.26463133
0.41800    573883.07914444 46889.11920329
0.41900    570688.14212650 39548.69012336
0.42000    567538.07866098 39424.03450228
0.42100    564402.01961106 50017.30934800
0.42200    561266.59887995 42734.84086372
0.42300    558126.13122094 39046.50599045
0.42400    555004.64183548 35381.54759359
0.42500    551898.96088742 42319.61432620
0.42600    548791.03847250 38665.07444777
0.42700    545726.45745343 59560.58838883
0.42800    542655.82611302 38411.89447162
0.42900    539632.95965319 38286.96030170
0.43000    536610.71566098 41630.26129372
0.43100    533589.88716708 34576.62632693
0.43200    530621.52218208 44803.03034856
0.43300    527659.03974465 44655.78664974
0.43400    524724.11912097 44509.72551367
0.43500    521813.98439884 44364.62705596
0.43600    518953.49749039 47624.36472155
0.43700    516093.11232399 37298.05099517
0.43800    513250.15773618 40557.02938628
0.43900    510460.51656964 43797.51439722
0.44000    507691.43001089 43658.92659277
0.44100    504958.99766181 40174.53975784
0.44200    502260.30337788 33375.19874112
0.44300    499587.44928446 46581.53597880
0.44400    496953.43779252 36488.80789915
0.44500    494323.26898955 36377.25108889
0.44600    491740.75648700 36268.34121350
0.44700    489211.19307674 46024.99122585
0.44800    486690.96454936 36056.50181742
0.44900    484231.86332203 42491.34802025
0.45000    481805.90361568 32594.17092431
0.45100    479383.09527916 61754.13326054
0.45200    477020.66832723 38896.26713880
0.45300    474680.41282867 48488.60646846
0.45400    472385.32602322 32240.30002905
0.45500    470128.05907582 35372.43684128
0.45600    467897.69694806 41696.70523968
0.45700    465707.41651050 41592.33133977
0.45800    463543.88131574 35106.49751528
0.45900    461416.91077589 44572.87569345
0.46000    459351.39047173 41293.39520353
0.46100    457275.02845305 34858.07707106
0.46200    455270.98681931 34780.42868648
0.46300    453281.98614978 44167.79882377
0.46400    451323.41858556 50367.69590134
0.46500    449414.54643243 31414.07828451
0.46600    447527.89822884 40754.12998378
0.46700    445659.62750506 40670.89953375
0.46800    443856.57579066 40592.90506288
0.46900    442054.25800121 34281.30933280
0.47000    440288.91101716 40438.33694901
0.47100    438560.24757155 34155.07369971
0.47200    436861.78164670 52692.08629076
0.47300    435199.19431861 34036.93060092
0.47400    433535.81266737 40156.25655162
0.47500    431924.84087628 43175.20914040
0.47600    430354.17501456 33871.02694994
0.47700    428767.77645320 33816.91613172
0.47800    427230.61394253 30696.52106673
0.47900    425732.07512004 30652.71086153
0.48000    424226.75886693 58155.12799575
0.48100    422784.99466922 33624.09221979
0.48200    421309.96053303 42733.47132239
0.48300    419880.20963123 36579.96559694
0.48400    418483.51285035 54800.41860527
0.48500    417094.44783023 33446.80535688
0.48600    415739.89716290 30369.80092728
0.48700    414392.40420793 33366.87796842
0.48800    413046.36891605 36356.34311529
0.48900    411723.40956832 42366.34085277
0.49000    410423.88708562 33250.49278834
0.49100    409150.56872370 36234.37608371
0.49200    407867.75711313 39210.36868869
0.49300    406610.68130708 51220.74995218
0.49400    405361.44820155 39127.51564236
0.49500    404118.56682884 39086.34963644
0.49600    402901.44013721 39047.19492181
0.49700    401674.04104847 36006.06274635
0.49800    400475.07979610 38968.22948674
0.49900    399262.99496197 29944.72604160
0.50000    398075.24435380 47864.56965001
