# SAXS profile: number of points = 501, q_min = 0, q_max = 0.5, delta_q = 0.001
#    q    intensity    error
0.00000    116618258.77178784 17492.73881577
0.00100    116606125.85717125 62967.30945827
0.00200    116569731.98413698 89175.84779162
0.00300    116509106.46115951 104858.19955042
0.00400    116424272.57581535 104781.84929973
0.00500    116315306.69555596 136088.91422036
0.00600    116182258.75791013 121991.37666233
0.00700    116025230.93501243 194922.39607185
0.00800    115844294.35320802 218945.72557144
0.00900    115639620.56029655 242843.21355761
0.01000    115411264.33108230 247557.17267957
0.01100    115159441.88102004 228015.70485207
0.01200    114884252.72800130 291231.59343418
0.01300    114585937.86071387 336882.67216863
0.01400    114264613.63601479 359933.54890964
0.01500    113920560.29658404 273409.35688641
0.01600    113553892.66166031 347474.92707802
0.01700    113164963.87419115 336099.95778336
0.01800    112753928.56536773 482023.06630682
0.01900    112321079.25284484 404355.90355582
0.02000    111866661.22773260 458093.99844975
0.02100    111391048.06323595 404349.52280214
0.02200    110894366.88189402 459102.69974915
0.02300    110377073.40248168 476828.97880321
0.02400    109839405.58461058 411897.78972382
0.02500    109281768.07852244 639298.37245651
0.02600    108704440.23097420 440253.00307186
0.02700    108107820.78166991 499458.15488705
0.02800    107492168.79461920 561109.14684016
0.02900    106858009.63119999 528947.17196063
0.03000    106205624.35427646 642013.02873191
0.03100    105535430.54424678 607884.10790553
0.03200    104847789.74948770 674695.55811317
0.03300    104143256.74102986 584243.69725108
0.03400    103422038.44961317 651558.87229574
0.03500    102684714.84479058 887195.97722799
0.03600    101931615.75555259 565720.49358737
0.03700    101163277.83281264 691956.85237772
0.03800    100380073.89479920 704668.15135323
0.03900    99582533.07357296 776743.79394488
0.04000    98770945.57887316 728929.61214993
0.04100    97945968.20343752 617059.62829259
0.04200    97107977.70200647 751615.78228313
0.04300    96257407.54317278 762358.70312907
0.04400    95394792.26992323 772697.85327197
0.04500    94520645.92001629 652192.48715217
0.04600    93635301.94292206 726141.80032342
0.04700    92739381.27319278 801268.29146571
0.04800    91833287.52324188 877467.10311146
0.04900    90917605.43232089 886446.69422701
0.05000    89992701.66063757 826133.03971447
0.05100    89059158.47063914 1111458.34948979
0.05200    88117339.70018223 840639.45991461
0.05300    87167880.73441574 847271.84023653
0.05400    86211173.77233247 853490.66014765
0.05500    85247759.06122234 787689.33047083
0.05600    84278035.81907468 1008808.13582951
0.05700    83302652.45214175 942153.04321204
0.05800    82321907.25988829 728548.91326771
0.05900    81336328.37298191 805229.68850144
0.06000    80346438.35823904 882203.93438898
0.06100    79352714.19459823 885576.33179590
0.06200    78355599.67034747 962598.58694547
0.06300    77355597.86246416 816875.15162087
0.06400    76352981.16762173 893329.92143928
0.06500    75348453.67651027 1118924.58943700
0.06600    74342332.55039114 821854.52479794
0.06700    73335064.89226824 748017.69690758
0.06800    72327131.97990490 973161.60634242
0.06900    71318990.06160973 1123274.14606083
0.07000    70310958.35095024 898574.08980399
0.07100    69303518.51146790 1047869.24897325
0.07200    68297069.80738711 897423.53931049
0.07300    67292106.75473168 821636.66197355
0.07400    66288936.19152411 894900.68052433
0.07500    65287959.79763550 744282.77657943
0.07600    64289496.72418951 965306.83856787
0.07700    63294111.88626302 888649.37255058
0.07800    62301965.65781888 885933.99320114
0.07900    61313494.97903071 809338.17168419
0.08000    60329113.17749023 1026198.26328916
0.08100    59349151.82031666 948992.98213192
0.08200    58373814.37677885 1090131.03464095
0.08300    57403537.74974307 795613.07055115
0.08400    56438614.89907861 719592.37373995
0.08500    55479359.94817060 930388.91000807
0.08600    54526066.80308004 711565.20518925
0.08700    53579030.75229260 848691.88696894
0.08800    52638443.13406801 843267.89861081
0.08900    51704705.67429123 837616.27126610
0.09000    50778023.04068471 970368.06589101
0.09100    49858606.93431032 894463.45042447
0.09200    48946705.04722114 1092490.50798653
0.09300    48042682.57887524 677401.85619472
0.09400    47146482.52057116 806204.88899136
0.09500    46258527.36429976 865959.67296212
0.09600    45378986.30143739 726290.70989582
0.09700    44508095.64539533 654269.03674632
0.09800    43645976.18725084 648142.77685484
0.09900    42792859.63033141 706082.21710220
0.10000    41948744.92306241 699075.86701840
0.10100    41113919.49807400 691947.29769610
0.10200    40288566.72284487 746950.06217532
0.10300    39472702.41099796 1108393.53584048
0.10400    38666537.17419767 669897.78805838
0.10500    37870293.88289911 722565.24128195
0.10600    37083752.43473136 654713.68004178
0.10700    36307358.91763270 941086.78743038
0.10800    35541009.35826583 581095.53035499
0.10900    34784850.68383650 860925.09494496
0.11000    34038955.44730982 680098.36184917
0.11100    33303397.47535370 559497.10392335
0.11200    32578194.17513220 717860.54244384
0.11300    31863419.73785949 762810.30443808
0.11400    31159173.68466517 806243.65705223
0.11500    30465433.84598543 583108.43126956
0.11600    29782230.14002041 627213.79628526
0.11700    29109628.84719822 566764.50034668
0.11800    28447496.16528739 558566.61351296
0.11900    27795964.74891415 700458.34466537
0.12000    27154983.51412151 591435.56879708
0.12100    26524696.08600897 631022.54961244
0.12200    25904895.36013615 621328.94448447
0.12300    25295649.38437067 564598.92085990
0.12400    24696888.34076293 740906.68513254
0.12500    24108570.17584739 729043.19647049
0.12600    23530821.80181605 448262.17644826
0.12700    22963396.41322102 573166.40148525
0.12800    22406317.54025537 650343.39725611
0.12900    21859582.64038301 554140.44605150
0.13000    21323072.98676885 502798.08472733
0.13100    20796683.60528750 411774.35479476
0.13200    20280432.95319754 485513.58778682
0.13300    19774261.27362424 397462.67033743
0.13400    19278017.18434416 429417.85302644
0.13500    18791666.00501316 421685.00503419
0.13600    18315095.55085988 639837.89323813
0.13700    17848239.70413908 406404.43722654
0.13800    17390979.89284685 398862.14265108
0.13900    16943273.16836360 498132.25464090
0.14000    16504999.23076136 383988.82521280
0.14100    16076054.26863090 479387.96089993
0.14200    15656311.06266742 503741.83220046
0.14300    15245713.12890886 592753.35441073
0.14400    14844042.18713594 355143.72607931
0.14500    14451368.60060954 348133.48601088
0.14600    14067463.02964803 403243.84676762
0.14700    13692262.46277903 303968.24101386
0.14800    13325552.51970850 327608.72415318
0.14900    12967294.61825536 437646.21401462
0.15000    12617363.93316006 314361.63722718
0.15100    12275639.44079532 363849.97019342
0.15200    11942051.17320852 328884.10482922
0.15300    11616400.44792413 456176.06711648
0.15400    11298520.20300753 341497.78925153
0.15500    10988406.64039926 334267.34577602
0.15600    10685829.06851691 276816.41508426
0.15700    10390814.37207267 295514.77468911
0.15800    10103016.81691432 313244.05119315
0.15900    9822513.85404661 377184.54979872
0.16000    9549025.38520717 322852.56351328
0.16100    9282607.89127358 270680.85888683
0.16200    9022952.70859981 286794.56538128
0.16300    8770031.11526703 323614.16343048
0.16400    8523704.98609988 274250.22087500
0.16500    8283828.32603211 247520.80206762
0.16600    8050314.07182089 322656.60323218
0.16700    7822963.48044318 256280.29571952
0.16800    7601695.56615611 269784.18838112
0.16900    7386481.04462307 226026.33063799
0.17000    7177058.69662803 239319.03353963
0.17100    6973375.04607646 215895.70162140
0.17200    6775291.05735466 228564.45461334
0.17300    6582701.81529740 171808.52549283
0.17400    6395522.50925400 201458.96855561
0.17500    6213576.13111394 164038.41760854
0.17600    6036710.91815014 160274.68244652
0.17700    5864942.57113978 187912.76885455
0.17800    5698050.08977068 168291.91735016
0.17900    5535980.79477838 254101.53048245
0.18000    5378606.12687843 248249.57751215
0.18100    5225875.40898182 185466.32702554
0.18200    5077511.91627296 264817.64650265
0.18300    4933558.48910936 177016.08695136
0.18400    4793863.52759094 199544.57876260
0.18500    4658369.72303950 155962.22569534
0.18600    4526896.58079911 152375.34610844
0.18700    4399391.18038862 124062.83714828
0.18800    4275731.74615909 169703.80102290
0.18900    4155900.34906773 118443.16554457
0.19000    4039622.60804031 138882.23182644
0.19100    3927060.22939338 113099.33995048
0.19200    3817866.05861946 121579.95038155
0.19300    3712158.48545096 108023.81703103
0.19400    3609683.47220787 126699.89586156
0.19500    3510453.43845177 154811.00395133
0.19600    3414346.36372768 161430.30370565
0.19700    3321285.05463151 167691.69033305
0.19800    3231173.13486928 96450.52263398
0.19900    3143987.68374975 132047.48895805
0.20000    3059542.97595314 166041.40515228
0.20100    2977866.41895987 99252.29243483
0.20200    2898812.03245365 97095.71361612
0.20300    2822362.21445477 95000.71662872
0.20400    2748388.32560210 126769.41751025
0.20500    2676857.03406345 90986.37488846
0.20600    2607647.81428805 97160.96215298
0.20700    2540768.36357790 95126.37202889
0.20800    2476064.29364234 108674.46698502
0.20900    2413619.89453876 136852.25448953
0.21000    2353168.14883484 81925.55297450
0.21100    2294787.28365490 109461.35860495
0.21200    2238357.66957689 78667.08401622
0.21300    2183834.04433696 98141.50659219
0.21400    2131171.85029047 68730.29542120
0.21500    2080344.45523096 87624.11259698
0.21600    2031190.15886430 85949.81563593
0.21700    1983759.14259341 64868.92702978
0.21800    1937946.26815063 70027.69171057
0.21900    1893678.72957808 62491.40103077
0.22000    1850951.88074826 73630.86929762
0.22100    1809756.94698829 66291.40010267
0.22200    1769968.71257338 59205.45623508
0.22300    1731548.77397374 75634.05402356
0.22400    1694447.60723631 57187.60944842
0.22500    1658716.90447416 67476.60686479
0.22600    1624168.27580267 71893.81212813
0.22700    1590890.84656096 97935.24514556
0.22800    1558745.82067546 69605.79791392
0.22900    1527722.54139396 63247.71620475
0.23000    1497822.69974538 62279.47080072
0.23100    1468982.14665806 66456.75545773
0.23200    1441124.56858989 95697.88150311
0.23300    1414276.08122195 74461.63919796
0.23400    1388385.14773072 48940.57877217
0.23500    1363356.41248654 62741.66507007
0.23600    1339257.82790670 61893.80344410
0.23700    1316002.21356237 61075.66562018
0.23800    1293578.31516631 55649.74175062
0.23900    1271914.35408524 54946.70269544
0.24000    1251024.12506853 58791.88153847
0.24100    1230910.18039285 49150.24582795
0.24200    1211484.63734597 79485.51081609
0.24300    1192735.88057944 48019.54882359
0.24400    1174641.91795137 60435.32953741
0.24500    1157179.09705673 42699.91070129
0.24600    1140331.94391127 42249.30052052
0.24700    1124076.97247824 58541.93149605
0.24800    1108381.29454614 53817.45630261
0.24900    1093218.19545989 61493.52640372
0.25000    1078587.49102176 52791.46724553
0.25100    1064434.46725273 64376.99962505
0.25200    1050817.61122787 51842.08930256
0.25300    1037630.39729288 55347.20801010
0.25400    1024905.05644083 50963.40634266
0.25500    1012583.11152098 42771.51265425
0.25600    1000695.04807612 50149.83470706
0.25700    989183.99490304 42109.56465537
0.25800    978070.61373211 53197.26319787
0.25900    967313.35515831 41497.74489975
0.26000    956920.09255639 37463.42339618
0.26100    946827.29805069 44652.37748885
0.26200    937101.08809965 55452.95951216
0.26300    927638.90799183 66122.10449039
0.26400    918493.93035569 40161.14900516
0.26500    909641.65824555 54442.05582213
0.26600    901046.63267568 46912.99515016
0.26700    892730.15969464 46654.08035332
0.26800    884676.79785910 39266.38153110
0.26900    876828.95911171 42613.88942938
0.27000    869239.21479283 53001.86363016
0.27100    861854.81337103 35163.67804958
0.27200    854732.64845511 35001.30361062
0.27300    847764.60359150 41811.75222784
0.27400    840955.50127029 41627.29928288
0.27500    834414.85453203 58726.12024120
0.27600    827982.96719755 44723.50208976
0.27700    821774.86203957 51402.02005326
0.27800    815703.33304792 47792.06054514
0.27900    809806.57876948 37413.06570983
0.28000    804051.04530173 37279.82847981
0.28100    798440.62255127 37151.44392565
0.28200    792986.77542163 57225.89335678
0.28300    787661.28394084 33554.37228402
0.28400    782450.60903105 43484.69465507
0.28500    777390.13770165 46690.05388027
0.28600    772416.79286739 46553.56230959
0.28700    767576.43548213 43107.09465704
0.28800    762832.29982505 59523.80717280
0.28900    758218.24350981 42877.24370002
0.29000    753676.56343450 46057.17697156
0.29100    749266.89840933 45945.04838526
0.29200    744933.60098603 39287.79997570
0.29300    740704.86667251 39198.10339979
0.29400    736526.89180889 35850.44815583
0.29500    732480.34337968 45530.98029978
0.29600    728488.82126263 35699.59637591
0.29700    724565.22529578 38865.68052469
0.29800    720739.69422013 35557.69449760
0.29900    716993.94395884 38717.67480664
0.30000    713292.73248299 38646.20207543
0.30100    709686.17852223 35363.66394988
0.30200    706118.69080331 35302.40561795
0.30300    702639.26333303 32040.35192482
0.30400    699225.45865638 35188.52287277
0.30500    695846.39264803 31939.35093462
0.30600    692529.62449872 35080.08978977
0.30700    689297.32331674 35030.09162939
0.30800    686090.88286413 44520.43949682
0.30900    682960.30557846 50812.24914070
0.31000    679873.67957433 31716.10865373
0.31100    676832.54516057 31675.76461321
0.31200    673848.84380183 34800.92518582
0.31300    670908.17459119 34759.75417131
0.31400    668031.32809235 37877.37809620
0.31500    665175.02637150 50446.87638853
0.31600    662383.15815689 40945.21686013
0.31700    659638.39799265 34611.22838145
0.31800    656912.52961601 31433.26603045
0.31900    654266.89656575 37685.77502657
0.32000    651643.92717638 47064.98486882
0.32100    649054.31015061 47023.98699700
0.32200    646532.63725574 43854.31086158
0.32300    644009.67362019 56337.96891594
0.32400    641543.23540558 40657.80446903
0.32500    639104.83241756 50003.56445611
0.32600    636712.30470037 34353.81402684
0.32700    634351.30317752 34331.09415364
0.32800    632047.30498216 43668.15036904
0.32900    629747.00961839 40524.22198791
0.33000    627507.59143880 34271.32872931
0.33100    625260.26396348 31137.96261990
0.33200    623101.62858660 34236.32060395
0.33300    620940.05148243 40441.82746818
0.33400    618825.63376122 49753.58331052
0.33500    616725.78787408 37299.57741699
0.33600    614662.74343230 49713.92504308
0.33700    612615.71707820 37271.54199210
0.33800    610623.23498928 43470.27015752
0.33900    608632.35153774 37248.30167811
0.34000    606676.75989576 31031.51773826
0.34100    604742.87369062 31023.31088955
0.34200    602862.55849092 31017.28010330
0.34300    600973.01116853 34111.22972941
0.34400    599141.88868154 34106.15362846
0.34500    597316.29641089 37200.86070231
0.34600    595534.61626601 40296.85171812
0.34700    593741.49765071 43390.63070334
0.34800    591990.79982616 52684.22372573
0.34900    590261.15554095 46483.06820037
0.35000    588549.44623829 34085.84279327
0.35100    586874.91480830 30986.99696950
0.35200    585188.03922074 37182.84977317
0.35300    583530.71660381 40281.12727501
0.35400    581897.80348598 40281.87735421
0.35500    580286.34706563 40283.48012128
0.35600    578678.29384454 34087.04651343
0.35700    577089.57495800 30989.71164307
0.35800    575524.85253306 34091.21625453
0.35900    573971.85802596 30994.48180147
0.36000    572445.35785058 55796.25167253
0.36100    570912.93865393 37200.68884475
0.36200    569427.58365002 37206.40007803
0.36300    567913.71894423 31008.09052311
0.36400    566415.32835306 37213.48883550
0.36500    564932.21741644 37217.73624631
0.36600    563476.49044985 40325.19694917
0.36700    562007.17308221 34125.07716600
0.36800    560584.82252910 37234.04567611
0.36900    559159.33297333 37240.01334005
0.37000    557703.40215014 34139.81537980
0.37100    556264.63214282 46559.35191586
0.37200    554861.54302233 46566.75720402
0.37300    553445.01069906 34153.09322809
0.37400    552048.79823443 37263.29564602
0.37500    550653.62416550 40373.92563637
0.37600    549261.64837784 46591.12153074
0.37700    547859.83300865 34170.01940344
0.37800    546477.73012366 31067.26042925
0.37900    545110.07414050 52821.16868648
0.38000    543727.64346009 40396.24718455
0.38100    542338.57034564 43506.40217416
0.38200    540967.46717618 46617.87369236
0.38300    539578.83982039 34187.71691062
0.38400    538219.67548983 40406.84405164
0.38500    536826.04946121 37298.67568357
0.38600    535472.93748853 37301.04659258
0.38700    534078.50539417 34191.70753517
0.38800    532698.01608107 37299.51685307
0.38900    531309.99681296 34189.79991468
0.39000    529945.83882243 37297.58990333
0.39100    528558.68608726 34187.17743579
0.39200    527184.10751777 40400.75599367
0.39300    525789.36127976 37288.98326860
0.39400    524423.79699607 31072.11144413
0.39500    523021.39385080 40387.71394663
0.39600    521621.67195732 34168.82924041
0.39700    520222.27713407 43480.17998287
0.39800    518831.28176393 43472.87515868
0.39900    517428.66583131 40359.43784702
0.40000    516016.41949741 31038.38910334
0.40100    514600.34325577 34133.44238537
0.40200    513196.94004561 46534.13474340
0.40300    511766.33499363 52722.17032901
0.40400    510350.85473127 46505.72384084
0.40500    508922.70357178 40291.41235080
0.40600    507512.60305439 43377.10423830
0.40700    506079.00769547 40263.64775999
0.40800    504642.61080437 34055.80820374
0.40900    503201.81548708 40230.98705440
0.41000    501780.51474072 30934.77019951
0.41100    500332.03528095 37104.62549453
0.41200    498879.13269990 33996.12010865
0.41300    497442.33017932 43247.63823498
0.41400    495992.10866465 37050.61227282
0.41500    494551.11907825 37031.98955128
0.41600    493077.89643219 30842.02388324
0.41700    491633.04981017 40073.01178884
0.41800    490203.02746663 40052.04025699
0.41900    488714.63768755 33867.92599656
0.42000    487267.42435504 33848.03323670
0.42100    485826.25331093 43053.92460852
0.42200    484378.45758735 36880.57750829
0.42300    482917.39220968 33784.90235990
0.42400    481464.46173470 30693.36089001
0.42500    480015.89937522 36807.62090826
0.42600    478553.98998788 33716.52296229
0.42700    477120.18609478 52072.89957794
0.42800    475666.15194140 33670.03016068
0.42900    474245.33109100 33647.70783537
0.43000    472810.87153867 36680.66915217
0.43100    471359.35339430 30544.08754736
0.43200    469941.20417098 39679.48745450
0.43300    468512.21572924 39650.19069611
0.43400    467091.26154927 39621.01813849
0.43500    465674.79744337 39591.67315483
0.43600    464290.25497263 42607.91871797
0.43700    462881.94575229 33452.47980480
0.43800    461472.41235358 36465.55175226
0.43900    460091.52697461 39475.85488516
0.44000    458712.39574508 39446.97434148
0.44100    457345.24734924 36386.38960346
0.44200    455989.96589947 30300.53466997
0.44300    454638.17089987 42390.46506361
0.44400    453299.70213447 33283.53220655
0.44500    451944.25519249 33258.57931577
0.44600    450611.81479169 33234.87597500
0.44700    449308.73093990 42270.96741011
0.44800    447991.11900649 33189.42362450
0.44900    446711.28976773 39198.91753483
0.45000    445440.99855135 30134.08498012
0.45100    444149.80106204 57215.38008438
0.45200    442896.45983093 36113.77904614
0.45300    441641.66747266 45113.69847040
0.45400    440408.69497766 30057.89485676
0.45500    439189.95888026 33044.65407225
0.45600    437975.88066344 39030.22245510
0.45700    436779.15166450 39008.74788393
0.45800    435587.12477505 32989.19245833
0.45900    434408.81990989 41963.89399214
0.46000    433271.35430855 38948.93024153
0.46100    432101.34894568 32939.08739127
0.46200    430981.91542786 32924.86498958
0.46300    429857.96169787 41885.36177300
0.46400    428743.48162552 47847.77481717
0.46500    427658.54128543 29893.33345266
0.46600    426576.86943844 38846.22445656
0.46700    425495.40141620 38830.71217366
0.46800    424458.47359204 38818.85154223
0.46900    423405.62229010 32835.10756486
0.47000    422372.44675728 38792.79921107
0.47100    421359.49175605 32815.47877331
0.47200    420360.15071453 50701.74198154
0.47300    419379.74365479 32799.69130586
0.47400    418383.30004470 38752.75500342
0.47500    417424.41875653 41725.74687661
0.47600    416490.68609867 32779.90100309
0.47700    415528.76984195 32772.75563080
0.47800    414601.44914249 29789.11553284
0.47900    413701.01569588 29786.47454194
0.48000    412780.99870766 56586.08588995
0.48100    411912.70635398 32759.41908909
0.48200    411002.03039478 41687.93791891
0.48300    410123.08978838 35729.92527594
0.48400    409268.40917228 53593.70072143
0.48500    408412.18863834 32750.57495928
0.48600    407578.59417282 29773.61771559
0.48700    406747.05378705 32751.27432335
0.48800    405907.71711454 35727.99895394
0.48900    405082.75056637 41683.01700908
0.49000    404275.63270076 32752.39193574
0.49100    403488.08897984 35732.90685383
0.49200    402685.22512701 38712.14595258
0.49300    401902.63514543 50627.67734909
0.49400    401122.31544958 38718.33333408
0.49500    400342.56468590 38721.13469187
0.49600    399586.29281648 38725.90740399
0.49700    398814.95496792 35749.77425794
0.49800    398069.48460377 38734.15303546
0.49900    397307.26008195 29798.04591865
0.50000    396568.85660744 47683.44157880
