# SAXS profile: number of points = 501, q_min = 0, q_max = 0.5, delta_q = 0.001
#    q    intensity    error
0.00000    116510559.10600321 17476.58386590
0.00100    116498473.56710021 62909.17722025
0.00200    116462221.90361214 89093.60257741
0.00300    116401833.48493704 104761.65386838
0.00400    116317331.72696111 104685.60253210
0.00500    116208793.27610424 135964.29351467
0.00600    116076269.08358678 121880.08749976
0.00700    115919860.66113289 194745.37400437
0.00800    115739640.47190660 218747.92972743
0.00900    115535780.72599575 242625.14989626
0.01000    115308336.44968784 247336.39236444
0.01100    115057525.15550628 227813.90972677
0.01200    114783447.38993329 290976.05189098
0.01300    114486342.77915578 336589.86261594
0.01400    114166332.75959666 359623.96413520
0.01500    113823694.81028990 273176.87970895
0.01600    113458545.09466927 347183.16350998
0.01700    113071239.02214527 335821.59496029
0.01800    112661935.42612088 481629.79561884
0.01900    112230921.44668171 404031.33543899
0.02000    111778449.67697568 457732.77213306
0.02100    111304889.30242980 404036.76648623
0.02200    110810376.25227109 458754.97852672
0.02300    110295360.30107914 476475.97818908
0.02400    109760081.28671972 411600.32359317
0.02500    109204948.71700320 638848.97917110
0.02600    108630243.86133558 439952.50776108
0.02700    108036363.53314345 499128.02238374
0.02800    107423565.36756229 560751.03693450
0.02900    106792382.90246055 528622.31963845
0.03000    106143095.44663945 641635.04146787
0.03100    105476119.60314652 607542.47686907
0.03200    104791820.39574972 674335.39530528
0.03300    104090754.80146094 583949.16135652
0.03400    103373123.36153904 651250.70722665
0.03500    102639517.43474430 886805.47158716
0.03600    101890265.26063833 565490.99832999
0.03700    101125895.44287150 691701.15681870
0.03800    100346786.02825797 704434.47051929
0.03900    99553476.12480035 776517.14973396
0.04000    98746243.52679192 728747.31099713
0.04100    97925752.17714861 616932.26732106
0.04200    97092376.58527759 751495.02963405
0.04300    96246545.52159129 762272.67591415
0.04400    95388804.14643249 772649.34946945
0.04500    94519661.33179511 652185.69349313
0.04600    93639447.27249011 726173.94735571
0.04700    92748785.93170777 801349.54771905
0.04800    91848080.24514298 877608.44757581
0.04900    90937912.69620310 886644.69005907
0.05000    90018649.21414091 826371.23826672
0.05100    89090874.80451269 1111854.16935497
0.05200    88154941.89637546 840998.18488301
0.05300    87211492.68027657 847695.74837006
0.05400    86260920.82459466 853983.15598802
0.05500    85303753.21467337 788206.71647286
0.05600    84340401.31438380 1009554.65084319
0.05700    83371499.30058512 942931.70110428
0.05800    82397346.71976593 729216.55251880
0.05900    81418470.72003518 806042.89777525
0.06000    80435397.19807726 883180.70249603
0.06100    79448589.69774330 886646.30246100
0.06200    78458496.77997442 963862.67799632
0.06300    77465608.74126434 818036.86655531
0.06400    76470202.68649150 894701.41327420
0.06500    75472978.56022596 1120773.78404668
0.06600    74474247.25881885 823312.84196784
0.06700    73474448.77961522 749439.41262506
0.06800    72474075.69845733 975138.73416809
0.06900    71473559.98159501 1125708.62241458
0.07000    70473223.71915603 900647.84130678
0.07100    69473547.27504395 1050440.08399893
0.07200    68474924.92021987 899760.55560259
0.07300    67477841.84116316 823904.48748513
0.07400    66482604.34977193 897515.20078321
0.07500    65489611.26651508 746581.60343241
0.07600    64499163.16860910 968454.98037842
0.07700    63511831.89694395 891706.16164386
0.07800    62527771.69483036 889144.95519802
0.07900    61547411.83345693 812425.87430744
0.08000    60571149.16723190 1030315.29566780
0.08100    59599329.00404884 952993.31548748
0.08200    58632128.26193664 1094955.04667264
0.08300    57669992.40636347 799306.13226524
0.08400    56713202.32377999 723093.36356923
0.08500    55762069.81903304 935129.95476500
0.08600    54816873.75337758 715360.23606881
0.08700    53877917.36007150 853426.25105847
0.08800    52945369.64976422 848184.86162318
0.08900    52019633.92712747 842718.10920168
0.09000    51100906.88365198 976538.37641997
0.09100    50189395.40312354 900397.79583378
0.09200    49285337.70885362 1100048.78934930
0.09300    48389084.46943977 682286.12308120
0.09400    47500592.10911611 812260.16324006
0.09500    46620261.77695195 872731.34148526
0.09600    45748258.74461707 732200.91562674
0.09700    44884810.95401832 659806.75204342
0.09800    44030035.64481521 653846.06006783
0.09900    43184158.97437419 712538.65658250
0.10000    42347167.10139834 705715.57293261
0.10100    41519343.26256549 698770.57997341
0.10200    40700864.76782760 754594.06828884
0.10300    39891745.59426435 1120160.26898011
0.10400    39092191.33743683 677272.24678343
0.10500    38302409.99446118 730810.01707846
0.10600    37522177.36624148 662454.07257181
0.10700    36751942.15717493 952610.38554159
0.10800    35991579.25111474 588462.34844976
0.10900    35241240.11238611 872220.73383320
0.11000    34500991.70515766 689329.84671549
0.11100    33770898.42526261 567351.12025154
0.11200    33050978.28619457 728278.34082154
0.11300    32341292.00797512 774250.56712326
0.11400    31641940.91703148 818735.25977787
0.11500    30952896.45257495 592438.46599902
0.11600    30274184.33597454 637574.35213995
0.11700    29605862.84918280 576426.17682034
0.11800    28947794.46940308 568389.97117694
0.11900    28300110.54392140 713162.81929796
0.12000    27662755.75267139 602494.84867365
0.12100    27035869.46638826 643183.36490454
0.12200    26419241.24268280 633665.53105855
0.12300    25812929.35962570 576144.61045156
0.12400    25216877.82746665 756506.37046867
0.12500    24631018.84882926 744842.04508592
0.12600    24055496.30017407 458257.22611298
0.12700    23490049.30584726 586311.65830469
0.12800    22934708.48384127 665679.94511649
0.12900    22389461.55541447 567572.87718065
0.13000    21854190.69882656 515321.84096796
0.13100    21328786.87502297 422310.00003214
0.13200    20813272.58934199 498269.76927745
0.13300    20307580.88899358 408182.39511171
0.13400    19811571.28819620 441302.77125006
0.13500    19325194.41781649 433657.38318197
0.13600    18848344.39370064 658466.94244114
0.13700    18380955.10354254 418534.36744293
0.13800    17922911.43156101 411061.99306678
0.13900    17474164.31237377 513740.45501085
0.14000    17034594.81594961 396309.86708327
0.14100    16604105.48644922 495134.44895792
0.14200    16182565.88066122 520674.08176802
0.14300    15769925.76068324 613134.74249546
0.14400    15365960.52191198 367630.62282784
0.14500    14970748.99358289 360645.36026782
0.14600    14584065.62689248 418052.26091621
0.14700    14205843.22112689 315369.73438706
0.14800    13835871.81868948 340154.92471054
0.14900    13474121.21115724 454751.61233210
0.15000    13120457.71781560 326896.21946329
0.15100    12774773.17903872 378644.29489303
0.15200    12437004.76537658 342515.12740074
0.15300    12106945.28303588 475439.76370036
0.15400    11784442.29512447 356184.78517886
0.15500    11469492.78353132 348901.98694075
0.15600    11161868.31780839 289148.21241915
0.15700    10861600.30642531 308903.92729402
0.15800    10568347.33103427 327671.62446440
0.15900    10282193.88728790 394836.26390836
0.16000    10002863.91030959 338196.84477128
0.16100    9730421.77466639 283739.11234297
0.16200    9464560.24437029 300831.06156836
0.16300    9205255.16628832 339673.93167131
0.16400    8952380.19554725 288042.84639012
0.16500    8705790.06711314 260129.01948637
0.16600    8465402.42150966 339293.34507318
0.16700    8231027.15629637 269648.46237165
0.16800    8002587.01710534 284011.82664708
0.16900    7780064.66510731 238069.98999349
0.17000    7563200.46054278 252194.93126536
0.17100    7351946.50536652 227616.27455448
0.17200    7146176.12129625 241076.26283625
0.17300    6945783.36466902 181284.95437895
0.17400    6750695.70618997 212646.92478746
0.17500    6560739.55702803 173203.53248552
0.17600    6375776.47489112 169276.87340315
0.17700    6195818.68126000 198514.03992351
0.17800    6020660.98244812 177820.23051543
0.17900    5850252.31268003 268526.59383548
0.18000    5684473.57339461 262366.89017294
0.18100    5523278.34032058 196021.15755733
0.18200    5366400.84794174 279884.64944556
0.18300    5213891.96443094 187074.45252105
0.18400    5065602.31275504 210855.70622940
0.18500    4921483.13741434 164771.26322477
0.18600    4781365.24062179 160940.76160273
0.18700    4645194.56242984 130994.49284933
0.18800    4512864.63461001 179115.60581019
0.18900    4384360.27552791 124954.27375632
0.19000    4259414.08026783 146438.66299866
0.19100    4138197.75453473 119180.10096187
0.19200    4020363.39589157 128028.47839169
0.19300    3906043.69228778 113665.87681658
0.19400    3794989.14102908 133204.12514453
0.19500    3687218.41880798 162606.33995341
0.19600    3582616.93257847 169386.13657688
0.19700    3481112.31543041 175761.36911214
0.19800    3382615.04536626 100971.06387595
0.19900    3287109.97888266 138058.62563772
0.20000    3194412.21213537 173360.75894581
0.20100    3104566.59468120 103475.20949120
0.20200    3017419.18499556 101068.46037827
0.20300    2932967.09565195 98723.67710578
0.20400    2851084.56623018 131506.28183311
0.20500    2771746.52344249 94211.66878490
0.20600    2694831.73596780 100409.43522831
0.20700    2620358.97973608 98106.24483871
0.20800    2548174.52586445 111839.38522686
0.20900    2478370.34292992 140523.60508686
0.21000    2410683.79038440 83927.96012970
0.21100    2345197.29590096 111865.91630276
0.21200    2281793.90993305 80193.65075571
0.21300    2220434.48902837 99786.33065438
0.21400    2161081.26847093 69694.87420312
0.21500    2103707.05031590 88608.14514848
0.21600    2048152.96410361 86667.59677356
0.21700    1994474.66099396 65219.32449804
0.21800    1942571.16038029 70194.81219919
0.21900    1892372.93909280 62448.30994272
0.22000    1843875.20886915 73349.35927696
0.22100    1797074.79436022 65826.85282994
0.22200    1751846.60689386 58599.27177143
0.22300    1708151.41361731 74612.05727487
0.22400    1665950.50089240 56225.83206383
0.22500    1625293.79783293 66116.95482233
0.22600    1585987.78969449 70203.75283064
0.22700    1548131.61582842 95302.98677719
0.22800    1511585.88559890 67499.87091349
0.22900    1476333.24170198 61120.19909689
0.23000    1442386.90689176 59974.45042486
0.23100    1409677.59175119 63773.81726686
0.23200    1378129.51910818 91514.69504444
0.23300    1347768.90062060 70960.03597369
0.23400    1318544.58203004 46478.69871478
0.23500    1290356.65618710 59382.21612628
0.23600    1263283.39621770 58382.64491753
0.23700    1237226.39523097 57419.67971850
0.23800    1212175.31983625 52147.78472588
0.23900    1188059.74573675 51324.18344344
0.24000    1164892.61302345 54744.13093845
0.24100    1142670.68734762 45626.84270399
0.24200    1121306.40975668 73568.91702409
0.24300    1100786.49394332 44317.66634251
0.24400    1081088.31467107 55621.99642095
0.24500    1062181.55025714 39194.50105856
0.24600    1044055.25501560 38682.24902820
0.24700    1026674.40399284 53469.20548936
0.24800    1010007.63664310 49040.92311717
0.24900    994027.02245428 55914.02265820
0.25000    978726.04708927 47903.74864103
0.25100    964048.55620380 58305.65943759
0.25200    950047.77232982 46870.60906533
0.25300    936616.87974501 49959.14672919
0.25400    923779.18133483 45934.92196511
0.25500    911476.31435217 38500.76133978
0.25600    899733.17457256 45090.13017704
0.25700    888487.86834975 37822.93034518
0.25800    877759.12301076 47741.32095939
0.25900    867499.10883120 37215.71352971
0.26000    857710.84182400 33579.38104623
0.26100    848330.40850085 40007.26395789
0.26200    839416.07059523 49672.44832782
0.26300    830856.78432319 59223.47438887
0.26400    822711.01880933 35973.04099962
0.26500    814939.82690689 48774.15094832
0.26600    807507.56902829 42042.88357091
0.26700    800429.91983601 41830.46959006
0.26800    793686.39590128 35227.77234909
0.26900    787215.08247532 38258.65481876
0.27000    781062.88142457 47625.31144860
0.27100    775172.92718410 31627.05692579
0.27200    769596.74058760 31514.98801846
0.27300    764221.17420242 37691.39009537
0.27400    759045.01262709 37572.72990316
0.27500    754177.52057820 53079.01641028
0.27600    749450.03532611 40481.54557397
0.27700    744975.95261090 46598.24804115
0.27800    740656.44483631 43395.06315673
0.27900    736532.22476437 34027.79039457
0.28000    732565.59607318 33965.40546946
0.28100    728750.85691963 33908.77897734
0.28200    725096.31484344 52326.57803727
0.28300    721575.76085588 30739.12886735
0.28400    718164.47621855 39911.99265491
0.28500    714894.35259666 42936.55684920
0.28600    711701.76569012 42894.26744841
0.28700    708626.63058352 39796.47345724
0.28800    705627.58366368 55060.12295944
0.28900    702739.04383162 39739.89480971
0.29000    699894.61843253 42770.56215692
0.29100    697155.57575793 42749.58192902
0.29200    694457.13028557 36625.67078495
0.29300    691830.45515506 36611.66941985
0.29400    689216.57556473 33547.61840364
0.29500    686691.70518450 42684.75841484
0.29600    684177.57940536 33528.12386590
0.29700    681687.26892060 36565.70683585
0.29800    679247.30337092 33510.66729815
0.29900    676835.82259271 36549.13615021
0.30000    674418.59869144 36540.00140689
0.30100    672041.27328085 33487.81823290
0.30200    669649.41097469 33479.12388660
0.30300    667287.75042953 30428.32286010
0.30400    664933.77856875 33462.79399066
0.30500    662555.70949219 30411.30850543
0.30600    660179.64696098 33441.40160002
0.30700    657830.29830843 33430.93734276
0.30800    655443.86526259 42531.75443050
0.30900    653073.04004368 48588.63647964
0.31000    650683.10814468 30354.36843207
0.31100    648281.52350712 30339.57673657
0.31200    645872.01564426 33356.06182721
0.31300    643446.78159105 33336.97933261
0.31400    641024.56281964 36346.09443274
0.31500    638562.49380370 48428.58182303
0.31600    636106.34352907 39320.91548700
0.31700    633638.72183944 33247.02530910
0.31800    631132.38414358 30199.68601118
0.31900    628650.71328826 36210.28279993
0.32000    626134.92712977 45222.59725321
0.32100    623603.33661978 45180.06387738
0.32200    621085.82239369 42128.25332775
0.32300    618516.38002987 54107.81548706
0.32400    615953.83290442 39036.07600873
0.32500    613375.11831443 47990.47152935
0.32600    610795.90397424 32955.49455945
0.32700    608206.63206556 32916.14448605
0.32800    605633.58198039 41843.22616043
0.32900    603024.65597655 38804.63844963
0.33000    600441.32203134 32793.10435562
0.33100    597814.96738273 29771.18678546
0.33200    595244.90611911 32705.73291549
0.33300    592645.68404611 38599.01522979
0.33400    590064.61226629 47441.19707282
0.33500    587471.81249692 35530.29690239
0.33600    584895.83651811 47306.37749785
0.33700    582316.82329036 35428.15720675
0.33800    579774.97505190 41274.18242858
0.33900    577217.69230102 35325.72444177
0.34000    574686.51055394 29395.21640694
0.34100    572164.82384004 29352.05685307
0.34200    569690.20608957 29310.56249143
0.34300    567201.11159610 32194.33661890
0.34400    564768.48102901 32149.44730517
0.34500    562341.29445474 35022.61747732
0.34600    559958.72019637 37889.60859656
0.34700    557570.93510069 40747.28586699
0.34800    555227.83044106 49412.50311034
0.34900    552918.09333628 43542.30191247
0.35000    550634.53224076 31890.00044510
0.35100    548402.24674992 28955.63999981
0.35200    546171.43070635 34703.73435075
0.35300    543983.93912987 37551.21309668
0.35400    541839.44628976 37508.83744596
0.35500    539738.60889106 37468.65600388
0.35600    537658.03723827 31670.74818359
0.35700    535620.83202213 28762.84004193
0.35800    533629.59963665 31609.55083167
0.35900    531676.14798498 28710.51335108
0.36000    529775.15662118 51637.18696171
0.36100    527894.91085862 34397.63402083
0.36200    526088.72566536 34374.63896318
0.36300    524283.14702130 28625.86118328
0.36400    522523.44873787 34329.79220819
0.36500    520803.87994812 34310.56123619
0.36600    519144.55449595 37152.58180235
0.36700    517502.66070611 31422.76304652
0.36800    515937.25232386 34268.55392261
0.36900    514401.29989007 34259.12819550
0.37000    512864.49079435 31395.00129114
0.37100    511372.62177007 42801.89046967
0.37200    509950.91515621 42797.63258181
0.37300    508542.55043881 31382.16227417
0.37400    507184.65938392 34234.96613015
0.37500    505859.80728256 37089.64282694
0.37600    504562.13811497 42799.48539308
0.37700    503283.69171339 31389.80533916
0.37800    502052.20163773 28541.66901518
0.37900    500862.07435635 48533.53730428
0.38000    499679.92762153 37123.72198130
0.38100    498515.86559519 39990.94463254
0.38200    497392.94784090 42862.83931075
0.38300    496273.29856595 31443.87768675
0.38400    495203.69988444 37177.41953007
0.38500    494119.88250390 34331.45106280
0.38600    493093.21491587 34348.87497831
0.38700    492041.15401405 31500.47617232
0.38800    491017.99042342 34381.08131826
0.38900    490000.11155600 31531.50867245
0.39000    489018.28852423 34417.10877688
0.39100    488023.64150941 31565.37062828
0.39200    487050.57475574 37325.12256474
0.39300    486063.66255022 34471.63658122
0.39400    485112.26555359 28742.90309581
0.39500    484128.38779002 37384.39587633
0.39600    483147.73407924 31648.59382030
0.39700    482169.27802843 40299.71016694
0.39800    481197.65295049 40319.55325100
0.39900    480214.08489382 37456.70039637
0.40000    479215.11470499 28824.79051519
0.40100    478206.76740966 31719.45638513
0.40200    477204.74540546 43270.54233978
0.40300    476168.34333552 49054.86505464
0.40400    475135.67263884 43296.74022062
0.40500    474080.30426248 37532.93946679
0.40600    473030.39576724 40429.90984183
0.40700    471943.91212672 37547.85942786
0.40800    470839.23185450 31774.58706722
0.40900    469716.52865906 37553.83824565
0.41000    468594.89294524 28888.87651888
0.41100    467429.74936869 34664.59185567
0.41200    466240.15160765 31771.93663674
0.41300    465049.09498720 40431.37023394
0.41400    463822.56044185 34647.54690671
0.41500    462586.40225253 34638.47144195
0.41600    461295.02359078 28854.00509281
0.41700    460013.59568057 37495.70996061
0.41800    458723.77345048 37480.02768573
0.41900    457353.46575011 31694.59667831
0.42000    456001.25305075 31676.12854413
0.42100    454633.21858804 40289.59774039
0.42200    453236.20357454 34509.40617540
0.42300    451803.06878241 31608.14418978
0.42400    450355.09270768 28710.13852056
0.42500    448891.03011495 34420.96582028
0.42600    447390.86773917 31520.92508022
0.42700    445898.16971692 48665.32854898
0.42800    444364.65801633 31454.35380821
0.42900    442843.52387299 31419.74950768
0.43000    441288.97482090 34235.20028892
0.43100    439700.39883469 28492.58719468
0.43200    438128.08743504 36993.34681561
0.43300    436525.69220602 36943.17108206
0.43400    434915.27231216 36891.68972211
0.43500    433296.56096086 36838.87535863
0.43600    431694.99941097 39616.65197333
0.43700    430057.92794552 31080.28792549
0.43800    428405.58570250 33852.61098646
0.43900    426773.98395034 36617.20955821
0.44000    425133.56254853 36559.36244390
0.44100    423500.22124387 33693.67919891
0.44200    421869.96305565 28033.26037355
0.44300    420238.10470706 39183.00273979
0.44400    418619.63808739 30737.14838322
0.44500    416979.16977485 30685.49855795
0.44600    415361.32651973 30634.97608929
0.44700    413775.53000206 38928.00370745
0.44800    412177.57268771 30536.17691973
0.44900    410621.15019933 36032.00763762
0.45000    409081.12402850 27674.33935207
0.45100    407526.25997083 52497.53529743
0.45200    406016.22788863 33106.56479105
0.45300    404518.12876047 41321.52881123
0.45400    403050.58185407 27508.20351524
0.45500    401610.57502794 30217.18109719
0.45600    400190.95037211 35663.01823261
0.45700    398804.21040905 35617.20571967
0.45800    397437.57744305 30099.93635420
0.45900    396104.60624063 38263.70677632
0.46000    394832.08010946 35493.43152363
0.46100    393545.95437629 30000.00952394
0.46200    392334.96688908 29972.43121603
0.46300    391139.52262335 38112.63689077
0.46400    389978.38793701 43521.59015649
0.46500    388871.37189425 27182.11018372
0.46600    387793.66268267 35314.43156595
0.46700    386741.73682306 35294.05257527
0.46800    385763.88875861 35280.03811856
0.46900    384795.88762765 29840.92249988
0.47000    383875.51371787 35257.04822848
0.47100    383004.22324522 29828.37032011
0.47200    382176.51330937 46096.22233763
0.47300    381397.55202353 29829.10395758
0.47400    380630.41404578 35255.89377203
0.47500    379932.72682918 37978.07717392
0.47600    379289.36668359 29851.97101975
0.47700    378646.13093729 29863.82176251
0.47800    378068.33258482 27164.21098376
0.47900    377548.82612710 27183.51676961
0.48000    377037.13610393 51686.13825266
0.48100    376606.48602199 29951.51525300
0.48200    376160.09941762 38153.92069239
0.48300    375776.22313344 32737.62611113
0.48400    375441.52559164 49164.07010658
0.48500    375133.28950706 30081.93991145
0.48600    374873.83755208 27384.53513120
0.48700    374639.46294607 30165.97098629
0.48800    374422.47095534 32956.66745565
0.48900    374244.47353489 38509.75815212
0.49000    374104.18069087 30308.05163529
0.49100    374004.90663145 33121.87610129
0.49200    373909.68573932 35945.80934242
0.49300    373853.14602738 47094.28303740
0.49400    373816.78531456 36082.66691286
0.49500    373797.08163579 36153.65544956
0.49600    373814.38213367 36228.22256177
0.49700    373830.18964333 33510.13978808
0.49800    373882.22724810 36380.61184690
0.49900    373928.17077876 28044.61413779
0.50000    374006.23651297 44970.51201004
